1204529839404994560
1204398783402061824
1204223639069110273
1203403894069612550
1202994949295345664
1202994945449222144
1202707934263816193
1130953680302297090
1130953117581946880
1130525396938702848
1191833470819024896
1191833463529320453
1191833444587917317
1191463130766991362
1190649861387030530
1189724631697108992
1191863214096703489
1191138973252493313
1190680076918099968
1189928584963592192
1189897029528502273
1189499578220982273
1237780204480798722
1237470549183549442
1237063430080790529
1236770627073257473
1245464157895512066
1244678983129739264
1243506133781839875
1232365967268876290
1231628136728670210
1133056683947773952
1132695851279818752
1132429895387295745
1132373450599862272
1132298500186746885
1132000067370590208
1131702483514994688
1245747756007854081
1245741712502333441
1245689376484536320
1244745931049832450
1244339968383823874
1140702753070735365
1140435291485933568
1139640869303267330
1245696485662109696
1245390593200730119
1245057869751431169
1243952852617310208
1243610589143982080
1231283335453868041
1231251592902520835
1248254870441918465
1248244759514058752
1247986914302603264
1247914159548891138
1247913585763848193
1247252065811861506
1247218929208111104
1247153567787618304
1246513086745448449
1246449689911791617
1246430611839094784
1246175321717604353
1245782396772978688
1248251861213122560
1248226160221265920
1247989542830964736
1247570344199827456
1247510419708817409
1246827486790459394
1246513088850989058
1246503621681917957
1246192181779496964
1246104714720301060
1246057289351651329
1245839687282876418
1123405666843025410
1100416153749467136
1100222589560127493
1237915387133669377
1237903976932270080
1237820740348645381
1237371782337900544
1237134706036158464
1236410451984031751
1236397982762795012
1235907888243240960
1235761684310081537
1201972140712562690
1201539991966552065
1200138073683701760
1199834709905354753
1198682363041058824
1198360573551022080
1132000584175935488
1131661935332777984
1197246522737483777
1242914462140596226
1242835389498273799
1242811388629786625
1242547161788710912
1242209232935628800
1242089062527352833
1241901041651716096
1241760129172856833
1241455208720465921
1241403468738420736
1241182685235761152
1241047788621910016
1253145789339238400
1253054668743344132
1252674870850322439
1252269196806930432
1252229255058128897
1251331876515700736
1181584222777233411
1181581646182715392
1181295557530263553
1180914999608401920
1180191122339090433
1093525403438862336
1092583432377585665
1092432157635694598
1092430319934943233
1113890393307910144
1199070407615303680
1199051961309581318
1198960439054491653
1198759495897436160
1198755999844311041
1198619407007789057
1198375437719756801
1198372984630722561
1098982654656024576
1198361101433475073
1098568389143023616
1197909820877262849
1098267446484578305
1197554676742393859
1097984310437703680
1253343462759501824
1253085262428676096
1252675441875398658
1252637302603550721
1252609143690665984
1252272209051213830
1101579275776507905
1101213766941921280
1100223840880340992
1099026806949199874
1151287368382656519
1151126146806931457
1150784759536279554
1150151712570785792
1149320309587283975
1093565312786747392
1093253833411756046
1092432159024005123
1092432158348709888
1115950453861289984
1115727755948253185
1115583567864705024
1114293607480139776
1209313815613132803
1208826329380130821
1207871750425456641
1207825645016899584
1130906586384408576
1130486531905531905
1129144992457461760
1128786480195874821
1189270908403408896
1188099904943640578
1187907205250592773
1187905785130573826
1187843201819910144
1187736135038046209
1245707128893046784
1245007515206778880
1243522992841396225
1243018847227174912
1121155502942097408
1209207610966233089
1208861976434225152
1207731194617565186
1207729244492771335
1207494537544896514
1207390129876275201
1130956176483651584
1130629606149709824
1130488904640008192
1130487369394737154
1129480077635477505
1129426320151203840
1129060800155586561
1191895578940264449
1191753394710630402
1191389801733402625
1190326321580302336
1190044845974392832
1101887943055208457
1101883437206638592
1101173724189999104
1100756404212826112
1100431953411620864
1100390877657206784
1131603026815455237
1098309912059367425
1098267445075341312
1245533804271452161
1245500914481410050
1245036165750829057
1244992396682723328
1244596384008986625
1244311919286198272
1244311210285244416
1243957493711151104
1243945966039896064
1243567654083977217
1243313959555551234
1243265939732398083
1243257874199056387
1243241997948813315
1096165151198404608
1096056032374202368
1095870712114499584
1095869477470785536
1095672405945659392
1095365805221515265
1123001171956965376
1243017789264232448
1242785707887820803
1242469825449992192
1242430200840847365
1241843651057197056
1241709726460792832
1241343303829704704
1240769223267356673
1240756402194391040
1101225353648005121
1101224513101025282
1100037194268508160
1181196370541199360
1188862080885121024
1188514613786300416
1188303200090238977
1187822337338548225
1163967511399976960
1163876609104986120
1248065783390969862
1247944934331691008
1247933160157036545
1247545071869865984
1246882968511098884
1246826286514933766
1246462279719190528
1246430615978881025
1245839689908727808
1245831599477981185
1209329372592771078
1208494798904135685
1208119179305455619
1242920988590907397
1242846522435424256
1242786887535931392
1242630083917033472
1242612117469114375
1242444701808156674
1242203845801005058
1242076305832771584
1241184694198317058
1241083461542326272
1240957522678341633
1240769924160782342
1242649413857804291
1181016264178835461
1181006229193285632
1180522691155169282
1179874927652081664
1189178698366369792
1188905298242740225
1187790684834746373
1187529530157731840
1187451264252166145
1187154604766695424
1187112146137747456
1187111976507445250
1187110802131685378
1150814363105841153
1150798416240361473
1150202366249058304
1149822030050516993
1149672138413989894
1149049165932060673
1149048536635457536
1151289488922095616
1151124762934071296
1150813940777177090
1149821651040833536
1149741980622217217
1149431543095603201
1238109400658837504
1236811235246723072
1236483907106869252
1235740103781335040
1235725543640887300
1235647035581140992
1235641669518864385
1132003063831699456
1131669971933769735
1131601943875457024
1131579008775331841
1130902122839662594
1129014585162424320
1129006125016408066
1238082132993605632
1237348893236629504
1236476209061662720
1236475284230213633
1235656010112667648
1164185877591089153
1163933678248050688
1163911597884149761
1163867145819709442
1162789651788075009
1162423703713398784
1162113796095107073
1161785676087648256
1161696392575901696
1163974528382488576
1163910176367423488
1163850230158299139
1163846443733569536
1132333849273339905
1131964276581830657
1131501319297130496
1131170015095533568
1242626185282179074
1242608540549865478
1242535264335126533
1242462347081461762
1242431941221253120
1242422746266689536
1242226654778449922
1242184321932447745
1242184319344545798
1242068793519718401
1241894807426994176
1241844710869737475
1241814773983072258
1241046412286140416
1241036205313142786
1240756403368800256
1181546357758267398
1180908827912396801
1180908826209525760
1180520477778800640
1180214941867036672
1179927984125464580
1189146016571908096
1188492235760902145
1187809090304724992
1187456502937858048
1187430087941070848
1187377459274092550
1187092631437893633
1141367811413041152
1139610534884651009
1141044331140329472
1139898979699843072
1139549647360450560
1139205029485850627
1139118556291973121
1138901582215614464
1138875266095341568
1209508617340227585
1209244060453613569
1207824931695857664
1115682022842826752
1093623253397065728
1092908469588582400
1092432160093548544
1096419826887811072
1096124302162886656
1095514267741315072
1093952882959937536
1209519218191994883
1258420587401228291
1258189769709928451
1258134644186324992
1258095691555102725
1258030021677060098
1257663667954384897
1220026075817873408
1219283713722388480
1219026328290308097
1219022522605297667
1219009341950439424
1218970699097952256
1217541796684795904
1196814624131354626
1196533948131753984
1196464677250850818
1196412808738590720
1196140310444826624
1195752542065565696
1195098873267736579
1194998439723065345
1194683379846975488
1194665871802880002
1178409487985709058
1178408143094722562
1177381648918335489
1256285605509705728
1118956219836841985
1103350598441807874
1103336959316029440
1201216511836340225
1197882493514534912
1197290126575112192
1197288258734108672
1257043404451651590
1253302634192277510
1253085548065034241
1253019842875187201
1253000467975675915
1252999857092075526
1252315514090766336
1252306801997086720
1252250453221523456
1251669589488001036
1250882611775496193
1194336708164227072
1194336706138214400
1194249788637749249
1193931578650570754
1193675180100456451
1193289460395446272
1192903096625762304
1192862924978700288
1192565834956312581
1120016610692141057
1119631182835146752
1256638628190736384
1256566370227060737
1256323812359958534
1256286083542810624
1256223116243722241
1126604028811595776
1126269442965606406
1232456310425190400
1231403149782667265
1119629374595260416
1178758693598502913
1230952429799268352
1230570543209906178
1192121566638825472
1191047204833808384
1190324201632215042
1190009992562249728
1189998902960934913
1189930143378296832
1189651867355287556
1245464156666560520
1245442989008314369
1244992397932707843
1244678601200541699
1244601287389466625
1244593298280452105
1243699238221099013
1243574957000572934
1243511554869518337
1243331460200873986
1243330572505821184
1164188918784364544
1164187471799881729
1163968668100960256
1163939207565447168
1163934090007130112
1163932784710340609
1163911619270840320
1163850423750537217
1163848653527797761
1163641038621282304
1162789396501786624
1162478471156600832
1161696289291218944
1161696165303377920
1177381495612350464
1177381486359715840
1116089209583013888
1120354891489251329
1217231113644584964
1217231109144162309
1216479689675616258
1173776707612028931
1171898794935500801
1108750473245409280
1138789178693619713
1136055148172763136
1118140014536404995
1171447519852646401
1135931642814631938
1134831116622475264
1134110224711917569
1133764388593307648
1171945807983104000
1214592667344080896
1213277716511936512
1213235182427426818
1212869649257381889
1212867219224514561
1214388027738480641
1171040856079552512
1170020883508998144
1103785228810752001
1103725915526389761
1102966943080947713
1102965527398547459
1101940894490640384
1164933125459329024
1164932176678477824
1164896255958536193
1164621123444793346
1164620029763248129
1164586594898206720
1164584824549642241
1164584821458382849
1164581802029309953
1164293181007175681
1164234405625253888
1235367065671827457
1235197302333149185
1234467281062723590
1233410391197265920
1233033351893782529
1109616168019599360
1109115577572999168
1109113245061824512
1108079176295333888
1107640028719734785
1217231112906428417
1217210484644073473
1216476147061530624
1216011781480513537
1215436192134680576
1173997817188294656
1173410487771570176
1171778356813193216
1171536263616192512
1170004411638321152
1151289486761955328
1151126148090421248
1149317240208142336
1149278945906450433
1141338106550980609
1140009703927439361
1139589816595755008
1139553003894202369
1194336692628574209
1194034601716527105
1193642668301131776
1193361313478725633
1193293652602376193
1192829295967768578
1192274258677977090
1248273020646539272
1248225733761282048
1247985520048836609
1247938073805152256
1247919840591073281
1247538445943066626
1247245001920258049
1247188890445910018
1247152893565730816
1246884755909554178
1246429890179629056
1246286911427272704
1246177578853031941
1246175320169906177
1246129887498420224
1245766509999403013
1095004468280786947
1178760058303369219
1178717380765261825
1178430928231768065
1178376146452451328
1219875923387985920
1219782043061686272
1219740627694387202
1219031345994903552
1218987569867821057
1218651097809768452
1196928087163887616
1196819968756797442
1196482921680580610
1195413963216961536
1195125530263195653
1195098128086638592
1158520034995687425
1157389055925149696
1103338739961643008
1103334775740350465
1164933099165310978
1164901401941762048
1164620019734581249
1164620016341389322
1164585318131163137
1164585315048284162
1164581748639961088
1164581563285327874
1164293166708797442
1164264773325901826
1164231269561098244
1164189792051105797
1118314570781687808
1118183159726841856
1116024316322287616
1194632312786276353
1194353201019002885
1194268770082152449
1193627753423286273
1193285131634692097
1192805594253709312
1192525345917952000
1192524833340477440
1219026957712621568
1219009210970787842
1218899563429408770
1218200720064892930
1194269562608463879
1193683430560669696
1193677371934724097
1193286992399867909
1192121568459198469
1217231110847049730
1216906646879981570
1216502703255359488
1216470640468877312
1216466453098106880
1216160127205675008
1216077208088911874
1215691490816679937
1215678470585450498
1215259922755133440
1258386192669839360
1256971131883528193
1256328079649071105
1256223854323695617
1256223336369197056
1255985317590585345
1255939189864103938
1255938834157764608
1109615816130084871
1109122015468969984
1108886870904197122
1108834690755121152
1108833385668055044
1108796876986503168
1093619866874142721
1092997541510242304
1092953399056891911
1092566000854360064
1134255675289341954
1133810812697677825
1173686003053355008
1173367752880529414
1171945156729352198
1109974277971947523
1109520854499639297
1109114403440521217
1108839957177733143
1108100138814328845
1107830619004956673
1135951467179892737
1134574941255475201
1134442686394580994
1134254551048085504
1134099644449984512
1217231112252141568
1217231109894832128
1215360795376324609
1196886166123040768
1196618826332459013
1196483197321781253
1195337400676999168
1195097935312277511
1194734731671281664
1194635780938842115
1258420583269830662
1258089428419063814
1257752796872544256
1257748098668990464
1257319309157658634
1171786657953177600
1171447521924640770
1171155179351216130
1171125211208572929
1170003690020921344
1170000370757767168
1169320699800035328
1258002174778511367
1257733763443851264
1257676858969206786
1257335649050509312
1204468119206535168
1204209081948495873
1204171311460880385
1204170122971222018
1204036953680830466
1202941075217928197
1202367365280874496
1177615798405402624
1177198846016991232
1165329163923988480
1164896254624772097
1164584826386751488
1164584812033785860
1164293160635441152
1258346038492106752
1258205565286854658
1258136401528467457
1257669494312443905
1257635105192980480
1257633725225017345
1257461415427874818
1257280318329020417
1257120991936905216
1257120756842053633
1128435163392876545
1126908273549041664
1232687275080900608
1232077664040738816
1231989937492385799
1231250480166264832
1156679423556489216
1219877932665012224
1219283728641511428
1219033993733189632
1219031143678382080
1218962016788008961
1217947289131671553
1217481429715689476
1196943559225741312
1196620770899828738
1196543877966127104
1196412815608864771
1196150257232629766
1256590016354095106
1256375034685374476
1256286815717384193
1258420586314858496
1258420580740739072
1258395794480267264
1257796508306542592
1257662306382741505
1257287308660932609
1257084357682003968
1138175624164597760
1137428127511121925
1230694556427018240
1117849719181414401
1116092171722031105
1255854840787369989
1255551842588729346
1255497104790872067
1255496463313928192
1255227011020324867
1255107978438627328
1254134651028938754
1146111976965398529
1146058559177678849
1145089087101198345
1144257786370547712
1143937181796487168
1137511942812254208
1136648855846621184
1203836718761304066
1203081914309062658
1218998314064142345
1138529693966225410
1138102497233571840
1137124215109378048
1136666732855250945
1136362507310903296
1202329523716530176
1171125207324602373
1171063141020516353
1169999696783433733
1169325600605179904
1128314404737622022
1128296327970947072
1127726859876171776
1126850371136180225
1126191466819276801
1233004965083385858
1232660095898673152
1230963591651758087
1165264299910205441
1165017481368559616
1164996834047275008
1164639241395232768
1164620007822843904
1164586591635087360
1164293173247651842
1164293155031830530
1164234413678288896
1164234397647642624
1258420581923524608
1258420578761007105
1258088168492085248
1257276786792108033
1204531219028946944
1204417228701143040
1204177290705457153
1204166772158586880
1203837366747705344
1217231111547510784
1216884823488442368
1216492300827799552
1216487231201992705
1216481426016735234
1216470465134452736
1216469429447471104
1216468761798152193
1216468012863295491
1215658864701583360
1215368102361411584
1215019951100252160
1157343792791457793
1157017208519892993
1157000508005134339
1156681467281498113
1202236976298184704
1202236084907859969
1199808258938220544
1199417944096362497
1199021960593842178
1198360593213919234
1198360582723903488
1198083835243708417
1197959590995992578
1199716497016446976
1197643985680052226
1197242009318285315
1197197336923049984
1252969751703363586
1252270203788017674
1251924854091194375
1104070125840465920
1103070830337146881
1102964867680604163
1253361708992774146
1253292781415665665
1252642902288842753
1252629264815534080
1251927007912513537
1251131015759831040
1250960162640330752
1211391058581565443
1204531230664011776
1203836339101274112
1202994947747729408
1202626008832196610
1198797935594606592
1198360547898605569
1197894990342569986
1197656678612840456
1197504783122227200
1197254044978499584
1252996937688788996
1252995846855163912
1252676679887196160
1252675159456124928
1252609142021410823
1251678143028637696
1251141268127825920
1135964420516044801
1135563345422114816
1134641388698685440
1134553434470985728
1235597170641903618
1235371033592545286
1235303551783645186
1234658058984255489
1234230881419698182
1233409219388493826
1233360814796660736
1212827693856763907
1212494430353199109
1235318015325073410
1234972897497608193
1234966493575688193
1234467278378414080
1233229547614752770
1172221890485768195
1171897873988014080
1138448163386343424
1137361315821957120
1214951529914011649
1214657233033875456
1214354093260627968
1214167995674746881
1213190909241769985
1212954133327679488
1212827696314621957
1227664369359687681
1226869504250122245
1226245656874045441
1225792901487222784
1225530954711740416
1214308223194451969
1214266757269131264
1212867217135669249
1158520043866660870
1201881816455667713
1200536595310555137
1252998952904986625
1252720757429415936
1252677634284310528
1252628129157386245
1252306385301315585
1252220856941588482
1252017853173239811
1253674079439261698
1253660554243252224
1253366505934393346
1255852759049437189
1255291212355026945
1255192765085949953
1255161932035821571
1255148212471517187
1254823390793412610
1254448206508888069
1253760316699271169
1253678137713590273
1253486843993210880
1209952663539986432
1255488024126898179
1255201230546243585
1255168216449638401
1255148214073753606
1254122457725833216
1253774153888530433
1253679696723746820
1253645521798995973
1253639504818208770
1199471263971979265
1199345278559510531
1198360564675809285
1146057136083996672
1145828090238709760
1144046377816776707
1198360557084139520
1146402457301475329
1145737526654775296
1227964100896002048
1227718948004777984
1227634320166260736
1227337317016330241
1227264406154809344
1227262353214967814
1227045871797329920
1227011432295911424
1226934733155819520
1226891535867940871
1225551495237640192
1212052926547542016
1226695014392238084
1226638552957583360
1226227904394268683
1226203175314694144
1225526910660292611
1225514075695742980
1225494722086658055
1226933350969073667
1225556864567562245
1225494719066779650
1225492678546280449
1211393343713894400
1212155008260681733
1227706733067407360
1227337321697234951
1227286956821950465
1227208204683272192
1227061813617025032
1226896478968348679
1226228478741229568
1226196540861157377
1225922705083576320
1225613774180290560
1225511941445226498
1210774684255440901
1146055694791204864
1145708405581066241
1144645417470218240
1235594635596247042
1235570041850138625
1235005732635979781
1234968188703690754
1234954325975339008
1234539207948996609
1233790578191740934
1233209181341089797
1112028233141239808
1111682994404839424
1110639669505605632
1110585805553221632
1110307373787299840
1109974911945191428
1214695955838242816
1214662546642345985
1213161735999426560
1212848014877958144
1184207131039424513
1183931110750904321
1183496434726760448
1183349970268606464
1182085338027696134
1181687769460027399
1183697475720212480
1184238361457909761
1183948487613911048
1183612976546234369
1183497732889034753
1183365332821405698
1183364068553347074
1183348532763226112
1182324421417193472
1182088460984827904
1182038844012728321
1183518065075482624
1183495486960885761
1182803985872363520
1230157448004145162
1229831142901264384
1229546583475310593
1228360891630006272
1228335009276276736
1228295399569575936
1230498292997509122
1230158743888945152
1230134052537151489
1228675898498527234
1228295048674136064
1155150767893991424
1154827798839775233
1154827167362179072
1156562694490734593
1155975719735791616
1154559573669240832
1156203526688841728
1154503966882979847
1230333756294270976
1229840904095182849
1229830513579511813
1228337227949920256
1228335358175318017
1228047625406107649
1185368288005705729
1185207406550306818
1186679929750065154
1186653943885160449
1186339591407751169
1186324229651927040
1186319860592185344
1186319338879492096
1185194583468191744
1185192504301424640
1184279414605074432
1186677846216978433
1184554255556005888
1250836275235557376
1250764402569236483
1250621962092765189
1250459966617632768
1250418632749973509
1250237188647915523
1250203313959849987
1249776239637934081
1249353788118519809
1248700577363767296
1248616902634532865
1248594001248358400
1248427001376935940
1224908427153068033
1224686261845352449
1224327348943757313
1224174353962688513
1224171028374589441
1223370261669478400
1223344351876669440
1223091434552807427
1210307529827389440
1211382779809845248
1209670571862233088
1184214927097118721
1183932123960545282
1183562354509795330
1183344724951752707
1183344431379779585
1182724873019412480
1182084979389534209
1186835626198478850
1186646525486796802
1186413865413894145
1186347661168971777
1186318792231735298
1185963002782277632
1185289116885368833
1185289115677401088
1185194581341757451
1185192506016841728
1184853489370959877
1154828390807101447
1230322017532022784
1230200772417216512
1228840894859751426
1228839355491504128
1228491728971354117
1227971091697750016
1240287662096908288
1240283222979854336
1240015045293232128
1239991242454433792
1239958192546885633
1239893234182209536
1239716467651862535
1239705586847096834
1239657200651550733
1239608344547143682
1239294797002813440
1239211214657519616
1239020137824600070
1238860549909348354
1238511740175953920
1238277960442011649
1238229124445081600
1238172152794353664
1238133883864002561
991842777238515712
991344273533620233
989211122283794433
989183214215487488
987757353159331841
987370501969530881
985910283225968640
983143211655811074
982005744865366016
981623527412559872
979417029945053184
979375434818351104
978053113683894272
977326773942632449
975764426912649216
975077177296289792
974873498903568386
974624751984500736
974073361700675585
974012890737991680
974011154904289282
973583150419972096
971899846977359872
970483557297741825
969685412049571840
968872141360910337
966697060186710018
963796990831284224
963558264389689344
960315195733282821
959577523771269120
958543250423500806
958527070967091201
958525669570424832
955798807970828288
950726527204945921
942406936481460224
942061797405847553
941695212417675264
939996814178168834
938865928959352832
938528131534684160
935980429613682688
935971575911866369
935968096417910784
935926965529403396
934952107521773570
933432897721307137
931973856243408896
931268986582511616
930503384007880709
929818741029957639
926921345174200320
926065087386963968
925772790560563200
925474871613693952
925002044620107777
919319537454952448
918580582040432640
917479536467443712
903974420993249280
902576928153931776
901196423412064256
895623427226206208
893147269796577280
892510716946546688
882224581997731842
878062433385889793
877900532127383554
877732855450931200
877586946532319233
877562272104632320
876956568880861185
876919390721130496
873327256365674498
860206753434263553
860172869166411777
855114719862149121
854844372679966720
1034617206280212480
1034602940068184065
1034602882102964224
1034602379818225664
1034566626077597697
1034553215927427072
1034537171783434241
1034488028042018821
1034216829823025152
1033823903771189253
1033468565989609472
1033413827302445057
1033408356738850816
1033373710579847168
1032730875836944385
1032701510881292290
1032301070322610176
1031949313356820481
1031941545354772481
1031597409296699392
1031589987589005313
1031302540137320453
1030528437159690240
1030513592079187968
1030200420063502336
1030109735402582016
1030072460593561600
1029877902639284225
1029476759190876163
1029044916410875904
1028388338842185728
1028042811789271040
1028023936397844480
1027703773823680512
1027666194864586752
1027657771737591808
1027302178258542592
1027038381216342016
1027027403175014402
1027015241228603392
1027012722507083778
1027012350136799233
1027011693023510528
1027010768263413760
1026969999020359681
1026588983168585728
1026520799568691200
1026108063688925184
1025472889011744768
1025429886264135680
1025109022926680065
1025033400774668288
1025022692993495041
1024805987356745729
1024716483069403136
1023342522570088455
1023273438780317696
1022962838657224704
1022170153155325953
1021792131357257728
1021791326675914752
1021791124393021440
1021787453303259137
1021786968252981250
1021786334803963906
1021786029852897280
1021419521863835648
1020741347483910144
1020458591105552384
1019954271410900992
1019725802475282433
1018998024650022914
1018971299350278144
1017787135405928448
1017542871803576320
1017173848486117376
1016751419385438208
1016498807331278848
1016490930860261376
1015240953995489280
1014909746929954822
1012441229563498496
1012426097781329925
850894868616491008
1012080095551459328
850114022800338944
1009502333519187968
849018657019760640
1009197633078898688
848967924211732480
1009159862910095365
848935739819794432
1009159857176530945
848935296620167168
1007377187895472128
848886003775483904
1007328063040970753
848534025824329728
1006682312573112323
848007065301729280
1006659864939155458
846497457114636289
1005558396391755777
845708014883500032
1005225511172308992
843813446625968128
1004828631791783937
841639920313741314
1004076388154871808
1002372896768086016
839993272693055488
1001903815170383874
837685673519898627
1001171689806422018
836955686252777472
1000835406848495616
836943376196980736
999373058002452480
836804624929669120
997222797909938178
836764854010667009
997221193487970304
834504821017305092
997142693393391616
834089827721150468
996499210051633152
834050566905012226
996467362907021312
827277888923721731
996047855373565952
826983322228244480
995651922261458944
994976399088734209
993964092544180225
823201136102543360
822484559614844928
821431392957530117
820778377388900352
819926298181169153
819173051392606209
815214214054903814
813013479997272064
805824148555632644
805823112482844672
803643391728877568
796852460363124736
796552787001769984
796259924741332992
796259898623410176
796237880976932864
796101349725315072
795801711617183745
795639934233231360
795616769142648832
795387684030152704
795075058020581376
794216965002919936
793949224438116352
993929068478377984
992184531938574336
991107935529877504
988890426924060672
988495130230484994
987370230639931392
987353163681460230
986667624187793413
985942950491426816
983431978514034688
982048524987719680
981572148857901056
979133483447701504
979106316684849152
978365914113601536
978364524326801409
978088988681519104
976511437681152002
975765207900475392
974851941539991552
974006204056899586
974004587970646016
973983751096152070
973743674311041025
973679811985133569
973605171682004993
973582201068621824
973514155343966213
972965650820935680
972958060699443202
972886498235138053
971848454812073985
970498531910979585
970407480206544898
970325602883403776
969285206535540736
968969266149158912
968598836573822981
966796263151800320
960987757387698176
960945896216236033
959830166552723456
959441869334867968
958535829852389376
958534879913955331
958529442212732928
958529046832349185
958525786566397952
954474303692660736
791007439772450816
789246086565208064
789244838302650368
789239869767815170
789236029995843588
788182807457607680
788087424970698753
785555585072631809
784475094793846784
784472203613974529
783712002715811840
783061274317901825
780822177054679040
778680700140564480
778637902842519552
776431116634861568
774663958645002241
774629912195928064
773606054403842048
772824441306882048
772054040607719424
771550581252947968
771120255162802176
770625177671569408
770340670053687297
768940259669217280
768155796739854338
762716751125557248
761666014622785536
761641207403466752
761632440284622848
760671284699074561
760519819875594240
760460453642399744
760272763198148609
759180515559694336
759056432276774912
953784362478301185
951888659866968066
947226116749692928
945435318769070080
942468189098790913
935963371568029697
935957544895381505
934588606882205701
934583802638290944
933417050025938945
932773106342596613
758828459976253440
930983630763188224
926942658450329601
926575869149278208
758470519964389376
925499552337186816
925474203695955968
923648520514691072
758438477100830721
921424240783405056
913510549576650752
912707468534403073
758369604305465344
912016171242786817
909100200031019008
902759669520793600
758142712855932929
902576715112660992
758100839756017664
898282122204532736
896579863989149696
757746201886396416
889618084956393474
888385794565656576
1088899081047588865
1087408654440169474
885203461578608641
1087180790029606912
882368547464327169
1087176323003531265
1086020129765445632
879364257854267393
1086017174689468416
879357674717970432
877976176253444098
1085899581097955329
1085255118465970176
877975500735602688
1085254306864001024
877952718421327872
1083398329478889475
1083098822082002944
877677001850703873
1082784395411537920
756449408548413440
877531858896113664
756220417615028224
755083862120603648
1081189040978837505
753799189532782592
753746533124755458
875358037040521217
1081042730342592512
875081899106029573
1080666685005316096
1080279817365405698
872565538437947392
870014041061810176
1080277733647810560
866400929637158913
865298057428180994
1077382779313274883
863083234695024640
1075232301817065472
862050401897545731
1073772479615647745
1072566140482789382
1071052768817934336
1070135092226473985
1068518444386127872
1067540872043073537
1067483747526815752
1065403839925313536
1065403734581108737
1062400810435403782
1059961434401112066
1059849652655271937
1059674559517995008
1059615334372663296
1059587408163938304
1058858019088461824
859494357610762242
856909533385568256
856906480502624256
855058215268216833
852863221438582784
852338684108165121
752928766272208896
752652903651930113
752162318658654209
751225972976865280
751159876643016704
750873244186644480
750467243763466240
750009795885690880
749058848988602368
748322828613672960
747446756556701696
746513574734897152
746414424924164096
746400515290849281
746339842997444611
745322868917960705
744717732747218944
743536872127758336
742462382677577732
741822794665594880
741777967030771712
739310088645545984
739264831119757312
739204911871627264
739140242549018624
738794326868647938
738572297104035840
738497757481041920
738475853873451010
738383919482044425
735228963723829248
733477020001140738
733345458257432577
733343347549429760
732663956586684416
732388463085936640
732332651030290432
730454615892758528
729303812209397761
729107733681610752
725803270195703808
725014449761832960
724056314825994241
724030291749171201
723383829214322688
722532037555392512
722065244810416128
718619305789640704
1058731390110523392
850353625213927425
1058364748088201221
849725422082424832
848995697609363456
848881842174513152
847474655149424640
1058090331567140864
845029150842773505
842352671319289856
1058069671658831875
841706174890287104
840352035820167169
1058060379186753536
838031525702742016
837720094499274754
1058039520128589824
834596370208075778
833692732866621442
1057814549502541825
831526009086283778
830498638778474500
1057806455108198402
827659829984518144
1057748190286483457
823629186212327424
818532298987540482
1057372942747815936
813082509445570560
1057366499369934851
813069986424033280
1057279092394020864
810247560984195074
800795152864284672
1057021972033536001
796076528706715649
1057015940846628869
795816052785631237
1056246550366773249
795807106339323904
795745867089276928
1056230243726516225
716466403746820096
795694754977681409
714651634022809600
794965091166916612
713181122306248704
794566922083958784
1056213435103563776
711258924993785856
710449575803289600
710188869178626048
710148898912755712
1055833183235792902
708095131509895168
706626150462681089
1055548074624462851
706336660586246144
1055223362065174528
706269052730109952
705772348423573504
1055181228171804672
703812708726996992
703449179578716160
1055166971900125184
703420688728625152
702605053710848000
1054896112069414912
702128195164729344
699699291963588612
699219072370679808
1054510671738605568
698533631208218624
696844735659405312
1053331336453251072
694283795822972928
693501673507958789
1053124621699112960
689459256194510851
1053088281242583040
687109377245892608
1053079276759728128
687101810985668609
682675295778770944
1052971327374716929
681975960481103872
1052675915510099970
680048571119316992
676414811295498240
1052369652570050561
675382883599564800
1052196817042100224
673989331967565824
673618378490118144
1052008688884563968
672210378412060672
666646015529848832
1051940845178552321
664105830057250816
660594978985345024
660073004576186368
1051908733515821057
656198016559255552
647105028755472384
1051843800375746560
646140868206833664
646133644034072577
641605375922335744
1051483688821641216
641298977426554880
635565691597271040
1051206468400283648
635188168245952512
632271000193789952
1050825160457113601
631557142210723840
631211813229723648
631114145413271553
1050439669069037568
631112478454214657
630431436877639680
630429739233099777
630152845128368128
628588528348196864
624533246131343361
624293161741983744
615928179450974208
605442840110325762
596478866325123072
591244631808946176
583716686093656064
581710057097703424
581635545543000065
579669620291842048
1050097727906963456
579470084948652032
1050020729004191744
575132494757912578
1049292655379853313
574684026226655232
1049022998613712896
573221859052765185
1048633502865010690
573212915332853760
1048331724235726848
573112629176107008
1048010665326260225
570324567593345024
1046835550907502592
570324024997203970
1046832392823037952
569186297375428610
569186189128765440
1046794451027410944
568423068181213184
568422339177615360
1046768042439593984
568153323506806784
568149838514110465
1045808780980756480
567710284916072448
1045687515875823618
567709063689957376
565258154272112640
561289230081859584
1045684050629922816
555384294341115904
555217868439048192
1045015426051248134
554708012753879040
554253010080366592
1044946916981854210
553346556456206336
552108585891545088
551909324034179072
1044286024455720960
551503968547766272
550322032727306240
1043958490866307072
547416891036565504
1043542900859113477
547416778088132608
1043317868652322816
544988549775233024
1043312983596826624
544944838110887936
541718925135073281
1043306614244208641
541385458551627777
541313415709728768
1043251085115310082
538078520614731776
536018899918012416
1043100516052606976
533467559694045186
1042185046738665473
532222999785504769
1042175615653142528
528199272685391872
1042083823075438592
527514024427421696
527471372545851392
1042070582609817600
527145549464870913
526015380461195264
1041725718525296640
525855063571693569
525811787137290240
1041043344464461824
519197421315043328
513855301578006529
1040745903936692224
1040671271573495809
1040297591479496704
1038903877033226241
1038863863607906304
791659154695983104
1038502731521163264
791377070244888577
1037847132542263296
791003977135435776
790991785648545792
1037777133987196928
790951295746211840
1037464645332885505
789247397402669057
789242333577502720
789232271521972225
1037412554740523008
1037076244242817024
788048070726578176
1036741125762105344
786993191438290945
1036367663109431297
785645865599852544
1034845646593961985
784229939713150976
1034826995249496064
783373337556815873
783319518672134144
781678038471675905
781673956835074048
779711255997100032
778270104341450752
777908991561175040
776516068504432640
775409449863221249
774994936756334592
773919364630315008
773176251515273216
769268247153610752
769205213802749952
766373318937108481
766345565219065856
511853229161082880
766330940570296320
760906127508803584
507670971176984578
760823473568518145
507670436239654912
760689991811031041
760666321352699905
500694808479158273
760626397845057540
760611303467655168
492470683130003457
760490683547455488
760198696893943808
492453402493067265
759021452905459713
757015753673416704
492049092982226945
756907799695593472
492021798527987712
756277699732267014
755209537922015232
754346129404272640
491601567888322562
491269019047972866
487985772012650497
486962476647329792
486247744407740417
485981117661450241
485980888010739712
484012483036721152
483949208446070788
483941471146373120
483804441158508544
483754034214350848
483672587524767744
483635596582080512
483632311938736129
483627149337718784
483626843002531841
483618641632428032
483616027314372609
483608627949744129
482283942280560640
482246798442897408
482170526706585600
481173221358575616
477583693863591937
472862523192901632
472740659091095554
469876332508504064
469555039267082240
469115575814598656
469106730081611778
468936731207946240
465108562612457472
464834395036065792
464833983583637504
463329408636297216
462816103048048640
460789582431145984
460428389971546113
459674893596913665
459671545648930816
459667103230877696
459081832282087425
459077020786241536
457861508932710401
456844257177763840
455669622868418560
455365668414963712
454783425170644992
454783213286612992
1034125388589477889
1034116077620482049
1033790184167485441
1033441390523498502
1033422008909025282
1033137883035709445
1033045526227374081
1031592915989086209
1031589989598081024
1030123634965311489
1029469046398504972
1029070090355003392
1027986530550378496
1027650668666990592
1027325467165175809
1027298404400082944
1027049073747132421
1027014962974261253
1027012900907626497
1026940549251645440
1026561050588663809
1026534373854773250
1026511484677963776
1026211493879132165
1025880310796443649
1025798309817077760
753682378925694977
1025795744823947264
753345437461950465
1025504558905221120
752928572138885120
1025485490567430144
752671339434115072
1025141111336169472
752297547105001472
1025071343774195713
751414849502978048
1024441437683953669
750764693405433856
1024369355017080832
750720279731662848
1024077183113945088
749992892563808257
1023350936473939968
748917288384901120
1022888158239834113
748592204461936640
1022488973539778560
748514909546221568
1022265240015302656
748170485431697408
1022252393529057280
746713141598289921
1022236070602260482
746520669878292480
1021882882527252480
746095460234887168
746055734685630464
745396393439703041
744597162537869312
744300473558065152
744292528652849152
743622807657971717
743142256731787264
742805682349441024
742772021197561856
742721833091239937
741107043893809152
741085120463921153
738894325157908481
738828395102896128
738796444182675456
735836515570462721
735182538486910976
734080079899197442
734052750850293761
733775358802071552
733412402050400258
730477101573230592
730218066735308800
729010918026158080
725826040421969920
723903657368936448
722197985208107008
720590229145423873
718530146899066882
718528340311691264
717815411077545985
1021788096642338817
1021107370032812032
1020346281057808385
1020270889076588544
1020069898561761280
1020053380079800321
1019997849692639233
1019731040099684353
1019299100741824513
1018154270061944844
1018150838236270593
1018147020664696833
1018144504975675392
1017816010655780864
1017509904855298049
1017137237421486080
1017111831649931266
1016723583719100416
452129951001481216
1016497107761582080
452046012614320130
1016496763606167552
449653088018653184
1015700828940918784
448439582326272000
1014898536436109313
447814040018878464
1014240736236195840
447079071202021376
1011624641461448705
447066932454256640
1011621373821587456
446776353719713792
446717649058160641
1011328423023636482
446695056800358400
446693903236747264
1010275376378056704
443908303660122112
439596842108465152
1009507562524471297
439371821456953344
437002202964455424
1009163535186907136
1009159860158717952
1009159859072372736
1007734712427798529
1007308812016111617
1007296781766529026
1006992817628090368
1006589065553170434
1006288499140694016
1005119298396880902
1003700513781747713
1001881173184864256
1001100782819659776
998958542290907137
997515400232554497
996894817618661376
995286926142787584
995138002782490625
716326036024090625
714891053472415746
713222373369982976
712730296441917440
711352401685385219
710600941662121985
710107825742094336
709572884163760131
707009373583708160
706847749547757570
705511791447535617
704114108610641920
702499387524538369
699974668153806848
699689095446994944
699263749132148737
698634496233484288
684413050472906752
682647180495208450
682362019463348224
679716635653976064
677989363683213312
677886191216099328
676978289110622211
676973873666109441
676947338410237952
676942800273997824
675017889599066112
673918747476824065
671532762508095489
669651210111025152
669612670828449792
664925853160112128
663777080908185600
661296961824288772
660592086647877632
660112465028628480
653762383349878788
641599698306883584
640258057377738752
639934221268619264
639871070812504065
639839108823519232
639617068682186753
638420510838235136
637614379735781376
633671616879161344
993934445953585152
993930062847184896
993537192877158400
992557232280784896
992514719285116928
990253962321387520
989585797056737285
988787694087081986
988495133724303361
987540872286916609
987452574092746752
987369501581770762
986403499276668929
985965351186894849
985267471203622913
985196956543746048
984518017177403392
983733472652120068
983431866110959618
983334776722485249
983143195591626753
980437453780680704
979864246933643264
979000640352542720
978754347755560960
978699044305473536
977747153228529665
977284689005371393
976489244511350784
976082887647756290
975518489187319809
974009831123234817
973727643802701829
973653929157328896
973651760882552833
973225224069111808
971520517449674752
971518575012929536
971447725098192896
971383450732285952
970067317077020672
968935876062572546
968601611282067456
963471628834230272
959644382763757568
959453896535134210
958531714170720257
958527313561481217
958526145611403264
958524903770214400
629691781345579008
958097610799304704
629286812037607424
958083630722666499
628945347390238720
955232504545529857
625657436825759744
954807938945880064
618082690248634368
954398575315865602
614165438214246400
954382022667128832
603278078119288832
954137081667833856
597387735305850880
591257617302880256
581633807087882240
581588377314533376
576922131159642112
575131591615217664
572423044045533184
568074043254943744
567710607227363329
565570258577420289
565261064947113988
565260219916513280
565199622876848128
562735965094305792
562735766938583041
562260579306315776
561317758533521409
560867831407841281
558678674040320000
556596061733523457
555378523834023936
553677348218732544
553219976539025409
552843656508362752
552660838906351616
552572404690456576
550340498464858114
544988348645777408
538812704786354176
536016216318836736
533698926331703297
533468064323362816
532191906806382592
531896592664518658
530805512091103233
530784741012692992
528237349868929024
527543021873950720
527471453114232832
526013539144577024
522916910607118336
520215856115376128
519197835615801345
514499831935819777
510237798465814528
507929982187098113
502885371689320449
502236196836106240
502082561682984961
501779087229087744
500786984168996864
500284169067708416
500283822471380992
499355987942572032
498659693922103296
497502737610067969
496381705398546433
496348901323317248
493173089111269376
492470406834434050
492432336475398144
492088973397725186
486192090041171969
486170724491468800
484786571942445056
484757701516210176
484378770917171200
954119325375500288
484057991188971520
953838143685431301
483999606678638593
952959686365646848
483973867560386561
943525176213348352
483959276029767680
937797153623289856
483949216071307265
936666005660684290
483795019526967296
935974770805526529
483753997598076929
935968291767635968
483713647093379072
933515370912190464
483710129682915330
932774108944830465
483670604550123520
931216495685881861
483649700772339712
930129794129432576
483645140938936320
927256050780262403
483617038875648000
926926699710775296
482268412203134978
923326105037295616
482172227899506689
921059078989844480
482170362939969538
919277904713859073
477469012364779521
918554135208906752
475326852673069056
917150639242862593
474988938973560832
913516174478069761
473500273072037890
909100587119022081
471798426003591168
904673360151502848
467157949711138816
903683218724995072
467157487624667136
902864788853669889
467095169892761600
898258021461012480
467094739226222592
889957120271147008
466642110532550656
888125584911368199
464415861034344448
888067888602656768
464412983452389377
884941668855812097
462815307942223872
882325430220582915
459101410080985088
879431805539151874
459075814735106049
878223847094222848
458686786454040576
877984225588326400
456799213888626688
455671318927507456
877953102845927425
455330551344271361
877919703699566592
454665872141869056
454655120412639232
877548739694645248
452569873474789376
875082303969652737
874738784696401920
865196725866254336
863748742922604545
862145018760441857
859939281787396096
859050210030272517
853576320902729729
851061664107687937
452545009196077057
452046469843787776
451699280093261824
451697192495894529
449713522218254336
449170002801733632
448657827700408320
447452123093938176
447099654274961408
446768295958441984
446702359112998912
446696108564049920
446476698351984641
446009746592522241
445986399280697344
440275626751037440
436348953932480512
850775262065299458
850399058669826050
850081313080180736
849724321086005248
849724289767145473
848969964367302657
847494626592210945
847278820038066182
845822503503171584
843195837614346240
842519497940615168
841671659790581761
841634906321092608
839283373046628354
838850585227051008
838021898093080576
838019846977830912
837775705568051201
836768250893578240
836585168903225345
834051519808995332
832701718005583872
829114515434270721
829009497599438850
826974255220940800
826895059836608512
826891970194857984
826631680672800768
826611346884157440
823943324704894978
821389497631916032
821014294330540033
821005306708697088
820348616795705344
819924331635634176
815424152639307776
815217209257709570
803591876494458881
797157011905531904
796523245843468288
796467896377454592
796040494753136640
795810601692000257
795691044860006400
793964342731341824
793963973292867584
793864246429757440
793500866028253184
793471019260358657
793234823405903872
792861078438813696
792452281950023680
791000214152712192
789853961482215424
789241061352824832
789238539917619200
788901109049942016
788875514807148544
788786826219655168
786680832765235200
786325523571945472
786207855091167232
784406087298609152
776750937075515392
776579361163980801
776125401672409088
775374637605724160
774277050626560000
772935196362416128
772796804261875712
772231617989324800
772162627703148544
769327363096244224
766361367590866944
766298877213290496
765580902420189184
764123655555129344
763121917335175169
762716922127327232
762003582623318016
761650794919669760
760596234025463808
760566011817066500
760560899698503680
760186089483100160
760094231188770818
759416729130840064
759071502977208321
758108044190375936
757737591437426689
757638928883036160
756973734624268288
755553903857377280
755543959762378752
755204085838602240
754112542851473408
753730839549206528
753244376348758017
752548467889831936
752266540578271232
751213882144808960
750797754599870465
750780127429038081
750130358331420672
747556439783268353
746340927803797504
746177570056503296
745815922607165441
744913622829146113
743520680495329280
743433593280569346
742894231853768704
742792438423506944
742743263422078976
742090281378451456
742072840971681792
741766316969758720
740258620072296448
738802139342868480
738176730884538368
737983522070134785
735601594163560448
735511920313139201
733882184709197825
733480984289533952
732243713720639488
732239686446415873
730577724838793217
730503974881656832
730198211034419200
726087364162916353
726044288182702081
725361525704241152
724312574854979584
722534710350520320
720303111181455360
719563090300243968
719178227755778049
716413192474218497
716271888658341890
715717468627406848
715353576529203200
713106849898168321
713062975620259840
712647828196057091
712441537020317699
711328252158042112
710594258516910081
710567837182533633
710567668953194496
710548894459912192
710438698341433345
709830880689139713
708848842695778304
707616933458239488
707582662249029632
707572254410809344
707428171768057857
705737408512327680
703732771429068800
702324470434783232
699643550347046912
699446594207223810
697450153939066880
696453562461614082
695281774725697537
689854442275909632
688451449953464320
688432896873377792
688152883808698368
687376027211841537
687108488862941188
685502453203128320
684234846047088640
681930063990796288
676939503295201281
675810934149935104
670365891356262400
669576175442751490
664921170693656576
664916721073958913
664793879095316481
661166586686865408
658748652597432321
655493881073537024
653229944877613057
644265818138644484
640265685759688704
639940602247843840
639607035558936576
633369854905442304
631196834485149697
631187003997061120
629290589096427520
629018931110391808
624572441298243584
619190586227171328
618834823327514624
615928634574966784
613013761046085632
613013236309364736
602834184629919745
592070616330571776
581633647003873281
578588656769769472
573118719649439745
568152623410331648
568073840015728640
565179862495657985
563457560506662912
563364957786370048
562434746500653057
561167619768610816
561166110360219650
557964336044314625
557195545551192064
556910126058065920
556536111380459520
555741117254098944
553347491626627072
552582396365660161
552108424708644865
552103962162102272
549962564923183104
545625946200363008
545625073889980416
538765887256264704
535817444841893890
535601571716165632
534382281188589569
533412134060032000
531921776104599553
530479582923980800
529629041553575936
527494932307914753
527145824594432000
522932753927766016
522833540535173120
517063193139494914
515347614381137920
514589195021856768
513856283779538944
511853635098411008
510214325282566144
507670653554946049
500801899772534784
499195147721379840
494969085814259713
494968647270420480
493173780282236928
493172638059995136
493172370467602432
492431442421747712
492324050606104576
492022046495215616
491968976558096387
491913620695969793
491601266678562816
490127018273804290
485981532490694657
484080146367152128
483964795540893696
483949134026514432
483683436352126977
483665630952845312
483663643926478848
483612164372959233
477468610424623104
476029566838771712
474988593698463744
474952171692105728
470990431757402112
468950825163714560
467165504239845376
467079451470077952
463408038330654720
462736363389865984
461904387128844289
461163891557273601
460789115756101632
460402370216620032
459719483053977601
459453097731837952
453258886221287424
451800423788072960
451715658472910848
449652724850622465
449606624374558720
449317754940977152
449184416288354305
448936107887960064
448542900931293184
448100542498095104
447866208486825984
447097744801292288
446436718301155328
444085509237657600
437039096490237952
436692677867098113
1125930598248402945
1125823464475103232
1124652777672728576
1124041603113418754
1123972548411129856
1222862902387970048
1222734110961041410
1222514847151218688
1221984257083572226
1221215365692370944
1221121255325229057
1220891914955902976
1220812267765293057
1220442585426268161
1220386082971361285
1113151941805268992
1113096693665411073
1153836993014587392
1153782185846927360
1153489052982751237
1152573103043731456
1152239573566709760
1151616394771013632
1151556921197043713
1151289491019239426
1091872094399488000
1090733264367702016
1090729012954050560
1143909039795036160
1143135116811755521
1142054509453217798
1141822716758110209
1107402330738184195
1107027508443168769
1106247367177764865
1105443796001669120
1176626117601615873
1176562462923141120
1175098976355475456
1174778110262284288
1143863088753577985
1142240218810126336
1141837157956538369
1169291729842913280
1168630000951681029
1168630000003801091
1167053510158036992
1166123132857532417
1159950116654145537
1159615725947854848
1159472532107513856
1159463689570979841
1207298251197730818
1206983550404313089
1206983548412071939
1206305283045244928
1205901690681073666
1205144908358660098
1204888878957637632
1167796936621117440
1161659580423856129
1159983261701070848
1159800899574882305
1159218164598804480
1159108071836344321
1206756488884170752
1206746008572563461
1206314211208519680
1206020348577275905
1205332013567422464
1204815220771823616
1160336265427980288
1160332434493325313
1159219584857268229
1204890363959357441
1204588789747847168
1207011335013355520
1206983552761520129
1206956520073768960
1206034479007109124
1205172174362992640
1204877961800929281
1146993645490491392
1146869639156314112
1146869637612756992
1146461409590595587
1148714805387235332
1148705833720659968
1147518807029817344
1087186635714904065
1087177684206129153
1087173743359725569
1087171562153889792
1085377490531639297
1085368759030820866
1084081579490791424
1083722474582208512
1083354107178598400
1080941366891298817
1080940970655580160
1080854660108431360
1080516332809060353
1080260029528395777
1079391832063205377
1075511974648258561
1074694448943050752
1071116505759256587
1071091709889662976
1068874823294627840
1067910083433111552
1067512231250849798
1067477244069720064
1067080788682964992
1066828318023008256
1062487841719095301
1062035492810776576
1059702879487959040
1059685630068826112
1059612276213321729
1059506350525431808
1059232372317741056
1058817904660172802
1058774733829881858
1058513442657714176
1058480733323440128
1058473195320295429
1058453947634061312
1058355914510614528
1058353028594655232
1058190920007540736
1058183435611725826
1058085918643372033
1057728821649137665
1057687066870509568
1057669404140429313
1057394266761244673
1056969710065995776
1056951590475706368
1055906299647410176
1055905212794372096
1055861350856056832
1055839082855698441
1055659011863793664
1055657142588334080
1055544700441186309
1054746541372641281
1054417422814531585
1054110864889077762
1053817403140907010
1053812159157846018
1053791938003042304
1053754497053454337
1053356968667164672
1053123622313906181
1053085322710564864
1053085265517010944
1053080273150242817
1052970617891409920
1052943802556510209
1052564385997221888
1052304255661629440
1051913951913611264
1051570915379740672
1051568605727358976
1051483847064412162
1050864786651533313
1050826552747929600
1050177577271394304
1050139547185614854
1050074321870364672
1050045805657317376
1049764277958062080
1049475694655205377
1049457285104369665
1049377676530782216
1049020766262452224
1049019678952017920
1048690603092058112
1048669593911394304
1048610220593823750
1048346901983236097
1048232073712922625
1047855063945891840
1047850277527871489
1047580810721861632
1047530652906795008
1047196561300774913
1047138099552296966
1046794970731106307
1046090108150206464
1046088913889251329
1045427586694893568
1044585180718137344
1044409336531996672
1044323880389791745
1043300979129675777
1043251221207961603
1043201861317275649
1043157552454938632
1043122181490786309
1042440399409704960
1040712092788162560
1040383484630577157
1040374819076939777
1088555205082443779
1087351763450114049
1085933681963945986
1085627067260157952
1085585426314862593
1084587316612685824
1083478430652485632
1083406731454103555
1083366582020120576
1083085320789377024
1082828819294240768
1081276069993476096
1080967510604873733
1080942835287969797
1080916369070157824
1080666495867408384
1080526379832303617
1076547947943346177
1073271004523184128
1071898991430901762
1071052771686797312
1040336564772106240
1040265379812126721
1071052770365632512
1039912347102572549
1070675089031598080
1037793828797931520
1037687085526732802
1068531236090580993
1037083132732817408
1036645997336776714
1035977531084759040
1067512570175729664
1035547160367050752
1067483745261895681
1035293099768000512
1066829367756640257
1035188087402442752
1066043585332600832
1035165955272450049
1065321704149282816
1034909809559195649
1062474453601394688
1062473959365582849
1059870265616809990
1059677491617513472
1059586577704411137
1059462062399778818
1059184369536036864
1059139073502257153
1034560155520835587
1033433846468038657
1032335343524225024
1032239507679129600
1031986271244181504
1031604045142736897
1031588981094404097
1030939146481790977
1030188291369435137
1030144602706247680
1029829099664171010
1029509229772763137
1028805338752077825
1027993558010265603
1027663307799289856
1027313503030439942
1027184902431801344
1027025136308903936
1027024485780791296
1027014987431256069
1026928217733640193
1026886961628360704
1026853818649198598
1026815255601668096
1026521396145348610
1026518834465792000
1026517459312893953
1026155973696782337
1025851627947913216
1025798306830737408
1025745441512742912
1025527743369437186
1025490200632414208
1025392849255186434
1025154533188620289
1025140271590334465
1025119285931327494
1025064033676939265
1024799539721641984
1024755653208887296
1024445598018269184
1024434334470742018
1023928526075060224
1023354148748767232
1023316418685792256
1022170146037673984
1021809145878663168
1021419519309500416
1020424938874966016
1020382564769587201
1020382562227752961
1019749916170649605
1019351513196400640
1019286909196165122
1019286907686211584
1019286906096508930
1017787908923711489
1017076135472062466
1016800480423374848
1014563958861295617
1014532946366271488
1014525214062006272
1012776704358715393
1011273785457160193
1009939080745021440
1009159861400195072
1008359775220846592
1007347211175387136
1006664945952526342
1006589064236224514
1005594966012432384
1005178744473047042
1005159804057346049
1005154791704743937
1058818152090533890
1005146418951131136
1058783546196791301
1004799825047621634
1058353236313337856
1002233495861723136
1058076281986863104
1000073107925864448
1057992367234605056
1000041118053085184
1057665921274273792
999793350835306497
1057390899351732225
998660194983972865
1057336448939106304
998610223026798592
1056970943162134530
997227625889325056
1055906541663109122
995718255829504000
1055582153805840384
995291251200192512
1055569870455271428
994730955293319168
1054751042070605825
1054517748385112066
1054487600118095873
1054364945532502016
1053819846352388097
1053802773232390144
1053755534598377473
1053735505957978112
1053698698897698822
1053646889076297729
1053468911369379841
1053123943555588096
1053086941359546370
1053077982808604672
1053075910344261632
1052970900809809920
1052676125569282049
1052261321843060736
1052006620274839553
1051632132282560514
1051504964101640192
1051159212838010881
1051145108974915584
1050770740616806400
1050391098999402497
1050384201231396864
1050189121388535808
1049760046706393088
1049046236949598210
1048670445040558080
1048300780690841600
1048255812173553665
1047594717179871232
1047196090217496576
1046828847088459777
1046582432605057024
1045682184173088769
1045681287246352384
1044978336773144581
1044576211027062784
1044222451079512064
1043916219026477058
1043261744620228608
1043251455405244417
1043157213085413376
1042860974737424384
1042563982329098242
1042521565093490688
1042489083455569921
1042390388508635136
1042196449608364033
1042187475370692608
1041789407290974209
1041464245848891392
1041111818607972352
1041032660062273538
1040712094377803776
1040346128322113537
1040299914490634240
1039934534349770752
1039933122236706816
1039502365953413120
1038590634913931266
1038540169408724992
1038183125237616640
1037848993966039041
1037444737689509888
1037068531374931968
1036330430214144001
1035581133008920577
1035265794756603905
1035195609605722112
1034946297906843648
1034883389973778433
1034803093714726912
1034563528684957697
1034213073450557440
1034148037529088001
1033819371746025472
1033526443257614336
1033145834714484736
1033061630656106497
1032730873228079105
1032331568600297473
1031615852582526976
1031601780667424768
1031577868776747008
1031271015454781440
1031212737177772032
1030883526680498181
1030604192136814592
1030519782494416897
1030095273719214080
1029823809241657344
1029391628132212736
1028717003891257346
1028420970590208000
1028330201778929666
1028069738235215872
1028035492447698945
1028033943214350336
1027952715652116481
1027651343203422209
1027332745419272192
1027305955439075329
1027035253670662144
1027012505405714433
1026962447385673728
1026951219426865153
1026904563469701120
1026840648492691458
1026785072400277504
1026576400554373125
1026479004277080064
1026460893373255680
1026158645459992576
1026155235226660864
1025840802235408385
1025800792102592514
1025798311154999296
1025794393041711106
1025793772335104005
1025119140116422656
1023927531781668865
1023371861999214592
1022953247026237440
1022928828065370113
1022222110066991105
1022214847495397377
1021810242139643904
1021791227761643526
1021785483813244929
1020424936693911555
1020031842957787136
1019997972703186946
1019725169642885120
1018149033234325505
1017546342971785216
1017544203314741248
1016792667873783808
1015315071054958592
1014910600760131586
1014887846212259840
1014506476549885952
1013121404487852034
1012466674438754305
1012452541681012737
1012383067841933314
1012094208814014465
1009936204035436547
1007377219847643136
1007049496566456320
1006999478220591104
1006920609417359366
1006653876873891840
1005585359953104897
1004828633469538304
1004387998434320384
1001563656872710145
1001108334932525056
1001085685787377666
998660195923451904
998599534107287552
997131468571840512
996493421450690560
996480712810356736
996470218292678657
994017821561516033
916340009858486275
913439327685873664
911656316460048384
911384772789899264
909099107129507840
908767485918420995
892430440480550913
885274494696292352
885239607574528001
883095791375659009
879352838601662464
877552091354550273
877549092192366592
873562981879119872
872248634238283777
869193315408805889
860635415778349057
858330166644195328
857733257915453441
849777224895082500
849620031403167744
849245365299802112
847835651135475713
847278658846826497
847122168249008130
847077660249522176
846382575551598596
845805672897953794
844265309183721472
839217948556464129
837775696403513344
837773602946748416
837764601831964677
837655954883764224
836765361374650368
836758296275087360
834556947915378688
832735028916297728
832061160056819713
826869318243741700
825142240213360641
822492898025472007
822485297409773568
820778667970273280
818651387189981184
818508903214383104
818489934457827328
818471789902839812
818469461405659136
814928029566767105
813804091520458752
799618571433189376
799383482711633921
797438158057181186
797252018654035968
796222212726517760
796163324484452353
796058168019271680
795343314056867841
794983906617466880
793963442730213376
793864037092069376
793856183618695172
793836680142729216
791328964325339136
790664209394724865
789490490756493312
789229734072815619
788911157775994881
787457216039100416
785647206397194240
784096809970864129
782250428603965440
781539090479116288
780914750913863680
780441173554892800
778787418249895936
777624064273723392
774019701785649152
771735616077766656
771703786075070464
770273630664200192
769676468313993216
769203938176274432
767811651211067392
766770037659095040
765322074764161024
765172700620861440
763443917538766848
761026395724062720
760976280007217152
760915867777404928
760888156820377600
760842835780182018
760538026875326465
760464272962969600
760430144284684289
759898845874499584
758828814751240192
758083069316243456
758074770978140160
757984111495680000
757923587072389120
757670425753063428
756666902781526016
756454154835341312
753712766322561025
753290287682691072
752910652847616001
751799132650545152
751490181664894976
751111115283828737
750843053087322112
750827955702628356
750111601739460608
749985813300060160
749762733214543872
748701971767390208
746090396007071744
745986618935349248
745771561060229120
745404062917505025
744920706224316416
743521059358400512
743505696952508417
743117751523246080
739939281460830208
739922142075064321
739867999922839552
738797458088595456
735471128483930112
734026606415515648
733731811457536000
732239276549672962
730929024449449984
730816501721137152
729146511276183555
728402620012879873
728269143196061696
726552420357017600
726497833877008384
725522666535288832
723319220176457728
723276161946554368
721771984686690304
718821375025152006
718078082830049281
717717474809028608
511847424693125120
510237945731620866
508971628080816128
508971409544978433
506561942061088770
506295852517040128
501458211166515201
500694559148736512
496387040146358272
492374826808389632
492360610089156609
492323829826330624
491666143908601856
484785834684461056
483803947589591040
451769503337029632
1125912016034643968
1123547686332923904
1222903685354684417
1222273285406306305
1222187690361311233
1221937418833711104
1221850598376714247
1221531743720759301
1220764321631916032
1126126109450539008
1125065304713900032
1124716156542124032
1123772676085047296
1123656895909302273
1222511160081240065
1222241277800013825
1221806466262360064
1221129552925220864
1220520073368162305
1087408653379035137
1087351764561641472
1087190619137736705
1087183377868967937
1087151295813877760
1085933681229905920
1084124169288200198
1083460315197726724
1083456236698378240
1083369826020745219
1080905247458029570
1079479003323322368
1075505742818488321
1072946185839755264
1072520736881942528
1071406675641286657
1071052767173718016
1069704644564344833
1069669617709154304
1067909330366795776
1067476836081389571
1065649623715405824
1065299393526419456
1064295221356314624
1062400811668590592
1062400806454997000
1062020135802847233
1061290791967043584
1061053654726332417
1060059445466722304
1059943940231778305
1059702401400270848
1059629794541887488
1059528455820361728
1059439898040655875
1059181680349638656
1059175179342004224
1058839188223770626
1058820556815065089
1058395051997446144
1058127374620024832
1058046206100860930
1057783466996174850
1057728482766192643
1057685942822203392
1057649751624216576
1057398323697672192
1057369033983647744
1057337111190425601
1056971634551283714
1056281945477406721
1055940370327056386
1055472208330539008
1054855701602951171
1054819314539347970
1054811494423113728
1054490533157060608
1054489151842775040
1054455083772137473
1054365893805985792
1054360334507618305
1053790785588609026
1053754747340120069
1053711139002028033
1053648210550579200
1053123115524464641
1053081498532888577
1053076677859917824
1053048065656008704
1049734842965848065
1049645463853510658
1049424698294104064
1049033551264534535
1048594942501801984
1048580258478403584
1048579587448471553
1048579288839213056
1048362504450134016
1048332371924328448
1048258624622084096
1047531797628772352
1047528173662076930
1046488014065561600
1046232011030106112
1045777245812543488
1045478148471762945
1045420874097197056
1044705886025994241
1044587178981019648
1044585833393606657
1044223928544063493
1043917549312909312
1043543519216975872
1042766598984151040
1042606220723580928
1042582994244919297
1042185953878536192
1041091036553138176
1040751297811685376
1040712090556817415
1040684160887779328
1040653977820508160
1039934026348298240
1039932645315043328
1039901106485321728
1039177851919130626
1038591900641644544
1038155194184462336
1037777776760111105
1037743227267424257
1037445315064983562
1037094454308622337
1035249479342059521
1035237597512126464
1035188085804478466
1035188082386067456
1126126523084353540
1124381422125506567
1222667434961797120
1222534952429838336
1222314338679230465
1221605021810397184
1221120419702419459
1220899643401424897
1220726263956021248
1220441589404917762
1148991677304049664
1147580824780492801
1146953940216483851
1146869640376836098
1112186201656778752
1058368241507147777
1057992508016418816
1053695257404092416
1053086890553982976
1053075083604959232
1052747990346162177
1052635894346321920
1052315817612926976
1052199833409347584
1052005648853082112
1051929325145079808
1051882602486013952
1051841373178093576
1051536889784590337
1050881110174040064
1050797386849759232
1050575816713592832
1043258334525173761
1043097295582126085
1038119694966972418
1037858872537632771
1035607537968603136
1035584250865545217
1113137040261083137
1113077960599273474
1112812561479630848
1113480118457044992
1113476198431100929
1113165877095038978
1113077963199823874
1113076624621211648
1176820866820296705
1176497673450479616
1176264182351781890
1175151823923109888
1175146847335321606
1174082134841208832
1143197899821670401
1142959359485497344
1141821910067687430
1141370641221857282
1174777452285038595
1174463189062488064
1142960787910287365
1141456323319672835
1000081400366854144
1000049545496219648
1000024446290325505
994000319389585410
993978719051173888
1105936828631318528
1105593434864304128
1105463302740738049
993928779427966976
992090913722851328
991456421018562560
991076981352480770
989861711455932418
989184825255919616
988793667065466880
988495132587634688
988455283545559040
988105679104806912
987751821958565888
987540086647554048
987497415174447104
987369775381741569
986759562869989376
984921994004135937
983759018949730305
983431693779468289
983143243872288768
982010968422207489
980470342228627457
980210541703712768
979776519978364928
979376507486375936
979141328591310850
978777003863298048
977003708134420480
975855894469709825
974781052492353537
974626024481808386
974080634397356033
974077238894321664
974005141488717824
973694818735050752
973583745889562624
973307629522112512
972958852944719872
971532887022620672
971520954030534656
970466742630801408
969615105703989248
969343032817520640
968612673523994631
968603424521621506
968600976637743106
968589632970592256
967572278509817857
966712839288377346
966343368736428032
964984414659907585
963851656336199682
963121170353664006
959518130505768960
958881015245787136
958543429935468544
958527511339651073
954420545168297984
950779583342759937
941732444692037633
940327413359181825
936987755070058496
936329003560062977
935987527214882816
935976756221235202
935975011202093056
934570165358006272
933021219669995521
930944169694113792
930508615554883584
929370045397991424
928036374632124417
926948957514760192
925478460373524480
922645441552019456
917780148505731072
917736739489402880
914840510719823872
912707416197869568
909103715356778496
907241598987247617
898231422800060416
889617080953294848
888128253575049218
877678721213370368
862146333766975488
860893464426360832
860174863419441153
855114236762234880
854839010799136768
1176692139473932288
1176632282045714433
1175866677839290369
1175817652691972096
1174471224468103169
850498754864173062
848933242053046272
1143608347268124678
1143202693638475776
716768683029180416
716340145356582912
715611944644837376
713377034693517312
713075555814346752
712975748143779841
710483836438601730
707576125921239040
707572215391191044
706529673878999040
706336964794953729
705740489782198273
705729681325076480
704776244198395904
703016733305475072
700728491038277633
696140380220235776
695442226369810432
692487373783973889
690267392216268800
688502729329659904
687111047581319168
686941840218537984
685991319399890944
683847022449799169
682677051229249536
682241958366982144
679469592163422208
678256348857950208
669292398992687104
667463338905853952
664572464706420740
662444409674313730
657773160486465536
653762438500737024
645045865015439360
644604580324638725
644199636928872449
644193600947879936
643942133615886336
640909101506039809
639784110009946112
637638307208257536
633672030777274369
1105511661232885762
1105116444239511552
1104503804039438341
630081837746905088
629266099935268864
629019791479566337
628588339013156864
627183768734818305
627166978914955265
624768619348643840
624547158125969409
614555295549796352
596718831331979264
596506378979651585
596474572326772736
594486603512287232
587308883267301377
584393369033449473
583727695994847233
579459542171262976
578588570895585280
575632463231254529
575628794993623042
571037592084353024
569973034431356928
569676274748096512
569143859948552192
565257362190393345
565202205234323456
561168054134919169
558678426538631168
558391459062099969
558391053447737344
558390231510962176
557966657591586817
555734638186872832
554253982957584384
553231980519632896
553214287653511169
551828266797907968
549661694180327424
549661515515588608
549661046164553728
547809998948929536
541658080845787137
536016493943586816
535817851378991104
535811620459384833
535545812118278144
535540833731088386
529755824043098112
528359984258887680
527848535400923136
527472634947444737
525443794125475842
525425579781554176
517063387172179968
491713336019415040
488505280632594432
483954699876306946
483795133586866176
483778014157619200
483776655492530176
483757129203847168
483738838188060672
483643350960967680
483642144003878912
483616970420416513
483615377599905793
483596024854765568
483331265311940608
482172032634068993
481415623394619393
477875085340975106
477655072520679424
477635908112355329
477578836218241024
475359949967859712
473819358171774977
473500764736729089
470981952938315776
469954015921332224
469561005010608128
469106464028499969
467157186586902528
464834494864687104
464834073060704256
464416143105482753
464408672265711616
463412814162305024
463340234692759552
462737614810775552
459708627251515392
459696910928850944
459671160238526464
459162545413058561
459091885483499520
458686206545371137
458681954276089856
456133985152671744
454810952060268544
454407324984442880
451800299401777152
451077465377501184
449648679658328064
449249541275926528
449213480751480832
449199863838695424
448487818063781889
448230087994138624
448104374124818432
447509652234727424
446743513141481472
446686059556921344
446433912680882176
442514145351454720
437418769796063232
1250797211342065666
1250441820384808960
1250441085962223623
1250195802435305474
1250193581027086336
1250094012247269379
1250087878182539267
1250056573596114951
1249728208074870786
1249675309064040449
1248989877623980034
1248599704243441664
1248370280403173376
1248369012473462784
1248292708063600640
1224900983463075840
1224450601892794370
1224346838863695875
1224326441954938880
1224172823830286336
1224168440719650817
1224166968896430080
1224166436131758081
1223412263194972160
1250765469746900993
1250480892964933633
1250099466083983362
1250097646536208395
1250096617627299840
1249189360693542913
1249184922109083649
1248987850953154560
1248727303691042820
1248669146960859141
1248591573371232257
1248372108079411201
1248311547258122241
1225090812259831808
1224900973921034240
1224357945540038657
1224171515073175552
1224166197035503616
1224162891730911233
1224115657299464192
1223816343125970945
1223285523030138880
1223093088517861376
1250825512823463936
1250819267353874433
1250462923396440067
1250419220279631873
1250203093993693198
1250055940193296385
1249838061556465665
1249727095623778304
1248581364015869952
1248373830315200513
1225462026555797505
1225190761370705923
1225119315143417857
1225117078639841282
1225110819589054464
1224900971710631937
1224828778876166144
1224346603730952194
1224335679762706432
1224172562348900354
1224167451958632448
1224099503608909824
1224080491055321089
1223289370930745344
1223285894926553088
1223256933693566976
1222988278942650368
1153745247601594368
1153714750485913600
1152573104276811776
1152573100476784641
1152282053351739392
1152216458375684099
1151991791094128640
1151980013731926016
1090731742724612099
1090078024677183489
1154037744290557952
1153814090256506881
1153736890543218689
1153693288102318085
1152573102062211072
1152573098132156417
1152323395842924546
1151991409500545025
1090728351122317313
1090617520195887105
1090365809078292482
1153682379694907393
1153488205523705856
1153288012484272128
1152692527478255617
1152215143041896449
1151991411421564928
1091419407883083776
1090436977873379329
1186992508905181186
1186988379902283776
1186817289431244806
1186724663952580608
1186367522679021569
1185593052859129856
1185197389885378560
1184959626254700545
1184899780255866880
1184899777651195904
1240640375422947334
1240386951129305089
1240318550528659456
1240287087909363713
1240267436903071744
1240030318029156352
1240008201988431874
1239874779810803717
1239553549794754560
1239552599474536450
1239014216952098816
1238984690654216192
1238953915426750466
1238926145384579073
1238826147904970758
1238526519535943680
1238487702133190656
1240679706560692226
1240639396514344967
1240371655970557953
1240370959447662602
1240295573133148160
1239892965058916354
1239855858277892098
1239013360919891969
1238826146424336385
1238504202722213894
1240648746251227137
1240623473904488449
1240619222755090437
1240459300822228992
1240430454395867138
1240029487124951048
1239874779072602113
1239874778200227840
1239722672193515528
1239656776481550338
1239656461304766472
1239294795371229196
1239261775981355009
1239224079586033665
1239217761886392323
1238820552653094912
1238573499259764737
1238566383186776065
1238451711049707520
1111628537704972289
1111369154983006208
1110956344155295745
1110308930440364032
1111723417659674624
1111287088681574400
1111235983591247877
1112176319620673536
1110998979200909313
1220180518010064897
1220178355603083264
1220084542402371586
1220033771086458880
1220385778615902210
1220363074668056576
1220195006331355138
1220027188549910528
