1123617735211139073
1123259231237545984
1123238000085934081
1122939560055406592
1121775193993748480
1121491237436047361
1123584418067746817
1123277949527109638
1121465182524510208
1121099473898409984
1199038926201217024
1197601402484334593
1197557326967902208
1197543191890874370
1197307608882909184
1197213015319470081
1180886181992714241
1180140089600565249
1180128796474777600
1180111475614126082
1179957504400379904
1179911676537327616
1179867331683651585
1179449039852642305
1149775707343597569
1149725491609448451
1149711664905949190
1149333758891483136
1176510870349893633
1175139507928277002
1175058880298192899
1174433914120757255
1225108037687562240
1225061899240341504
1224457514319659010
1223461987482578944
1223310279439736833
1138525931839131648
1137105931278409730
1159917907956162566
1159837709944446976
1159632569064984576
1159538159887278081
1158414066769113089
1250213918728994816
1249724186358157316
1248670383286497280
1253317885809885185
1156278307081641987
1156278123165573120
1155894775503044608
1155870080716169218
1155607604518969346
1154165176524070912
1154147235216666626
1154048559622348800
1181563067664146432
1180851537335275520
1180626482474999813
1180136196288241664
1151181187248984066
1149704723429318657
1150408485890404352
1199447686728028161
1199411733921751050
1198316272976617474
1198043286293942272
1197334259339542529
1197250686007857152
1197212981765066754
1143527659684671489
1142130562200690694
1142088438809804801
1253017790748987396
1252991885687361536
1252962764471111680
1251138746248048640
1116013939928784896
1115981504000212992
1115978060606713856
1115789247842324481
1115653742320398337
1114241543785725952
1114227672341721089
1113878048707883008
1113612891788390400
1148953016772571136
1148705806415798272
1148654314489073664
1148605120843788289
1088500709388103681
1087806325432696834
1087784170376646659
1086468368687861760
1086268099261808640
1086011098170642432
1085580460250537985
1085579691052941312
1085221304289148929
1084900375344357376
1084591465823649793
1084494914489122816
1083770878486343686
1081274236554145793
1076113060551708672
1075498758236860416
1072889565533237249
1072295731686445058
1061622826002612224
1058536670595870720
1058406633594855425
1056916638069678081
1055451099220598784
1055171912228315136
1055157222890725376
1054809694664097794
1052934570235109376
1052565612076130304
1051948513460924416
1051827188171968512
1050506840516304897
1050505166926036993
1048225708911341568
1046111615379288064
1045386903758016513
1044963649834680320
1044648464716574721
1044364684848222208
1044291725148266498
1042887276651536384
1042412796359700480
1040030845602619392
1039490490427682817
1037882415119777793
1037783073679724544
1037148512427945984
1035159147623407616
1034810439459393536
1031890908931936258
1031658129510019072
1030901547088130048
1029121080693350401
1027961286720716800
1026552353124626432
1025124826804043776
1024721986856075273
1022532326042075137
1022526161732153344
1022197115647414278
1018274148471201792
1017085088826306565
1016863141895004160
1013810043005886464
1013792786422943744
1012404790595289088
1012383271836110849
1012375379921776640
1010208550910681088
1010174679745785856
1009117616638693376
1008044786253623296
976557994237399045
974294676726480897
974294158713262081
967027595970863105
964279429341040640
964221569001238533
961757653616807936
961301503473602560
959530147283128323
959514123263455234
959479296241930240
958315371068645376
957336082613440516
956878419979046913
955910129110667265
955222677932904448
955214616593920002
954452372369100800
951498207707746304
951281455879122944
951116134929059840
948567166454034433
948567163647987713
948567162649800704
948567160720412672
948567152776351744
948567148670214145
948567147155947520
943206619286032385
939121381752664064
938494000008454144
938454779939966978
936724853079662592
925106688058970112
925106408441466880
923970629451251712
918487994536996866
916350554053455873
916350477754920961
915212014364037120
913835489597247488
913424636792250368
912707749523443712
911291004443086848
910532336219033601
908046888313737218
906902894095544320
905474699186057216
905424802860687360
745697071617966084
744906553975840768
743830045731479553
740267125214961664
739837816725733377
735917254391533568
735910802583097344
735190005816164354
735189062328430592
735128927686021120
735114278370476032
735104419809927168
735100198406529024
735092000651915264
732942178897547264
732590862509694981
732238190858383360
732238006355144704
731187450014519297
731186661044977664
730857066491940866
726038771070865408
725039656245583873
725034096808833024
723598814590984192
722473442143027200
721027912510648321
720961739530104832
720751562944049152
720749041903104000
720747474994995200
720744048571654144
718173516915470336
718173478671753216
714516308579250176
714516035701968897
712702408183398400
712355793920720897
712018414076878848
705786668633231361
705403853274017793
702522507862089730
699967536872427520
699681729339092992
698162898305212416
697449208736018432
695654999871877121
694958012029624320
1151228880591687681
1149715703441833985
690593359912656900
690569419882373121
690568824601624576
689823729468203009
689506204813393920
688104397763514370
687678854165585920
687380056558186497
687111402356514821
687110084074319872
687109852318011392
684826960623742976
677882760892170240
677881914443739136
674255448598552576
673904565289398272
673889296915525632
673888667656716289
673886923761434628
672168536584921088
672068874758725632
671750456767590400
666745663431012352
665330511213142016
664461838579589121
664102816915570688
662682166606831616
659489224643751937
659319931985600512
657672303191433216
657671779117309952
657669702962028544
657587352894873600
656825649542352896
656518640364294144
654722079607033856
654343822470705152
652528221280432128
647070492248174593
647046000742387716
644158231552593922
643894881191088128
642319645358342144
641981020397522944
641345144252317700
639433088024621060
639087775711670272
636920252224413696
633362428999372800
629105626795352065
629104181056507905
626131528121122820
626031639110529024
626025858118098944
626024180627185665
626020976724152320
625795405310263297
624199911492448256
623955726583656448
623923498994503680
623467690628354049
621688818979196928
621429049353707520
620962993694707712
620610731977912320
618804567074062337
618755413031321600
616271992556232704
614466354863841280
614463513025728512
613797830948487169
613373415823646720
611245213735124992
609368540668407808
609080365769216000
609076818629509121
609054518131744768
608702210638249984
606866637065723904
603613838005706752
602936705092431872
601385226959486976
600681406902214656
599210841997705216
598575092306747392
598504064922558464
598130058318979072
596313187814899712
596309166853115905
593888036875829248
593458952756711424
589111369288540160
588712129575923712
588418295495286784
588325775784484865
586170082948186113
584775599497052161
583681855767085056
583372414328971266
580779131354423296
578561354866561024
578194507902164993
570685793494286337
570652712578244609
570594375849402368
568443530001166336
566354215321493505
565893550421049344
565601774934179842
564901077019947008
564901028835778560
563380968682455040
563096973344264192
559821786016387072
558741773041025024
555471140022652928
555105161266626560
555007282065723392
554661271598301184
553626647803736064
553561087682297856
553224765859975168
552825962694713344
552600189736083457
542786457220685825
542391615248433152
540904737731010560
539801071095672832
535624910958510081
535172405363503104
535094348451708928
534786038334763008
532999653479170049
530818872245751808
530751789625532416
530063874138320896
529740365470109698
527123741881688064
525296010395140096
524637598393069568
524632833038749696
522463934868373504
522043379887398913
520207771086880768
518136625461997568
518117558961336322
517692288626335744
517345187127771136
517317015355523072
516592527345201153
514114088981389312
514113065403822080
512231458430545920
512228348819673088
509698418667978752
507528526686584832
506855382867017728
506818260474822656
505457270424358912
505126561297608704
504645341833351168
504365614136561665
503995371379761152
502123565068845058
498863671842734080
497760967720071168
497740002277998592
497475502324871168
497092748076675072
497068059119865856
496694975015694336
495275521320964096
495254663214956544
494814375388413952
494598678393667585
494536871280930817
494202687752523777
494161815015030785
493881678683992064
493866963253608449
493842536130441216
493789561286582273
492712704499781633
492084801651093504
491937414290886656
491639197892349952
491241540527091712
490193218722877442
490154581524217856
490139014079721472
490122840377933824
489798781320589313
489755662998462465
489129235890851842
489044263926497280
488694291485974528
487610249625751552
486988318744514560
486866316004167681
486544165376131072
486248756879577088
484381194466127873
481139357122707458
479353274206670849
464853951926382592
463717663449948160
461971066621919232
444173228760915968
440622444257509376
436966049024851969
434867235107381248
433636511213707264
431587512490815488
431438410340139008
430745000142708736
385542245531025408
385087630603722752
345604669277601792
337616559222697985
334716183645405185
306156164113125376
297089397503979520
273831074587631616
273830320485314560
245917628940578816
245528909641310208
228175591441047554
225588722136129536
182278607937355776
182194588398784513
170305912018436097
161561308196642818
146270317579472896
137604931266945024
132553252305772544
129212704811524096
116303869243428865
116301216383905795
116295067379056640
111855276700868609
108522790331756545
103175500972834816
94431702050545664
94075203872751616
91884741825011712
91470909726138368
91169174084272129
88678530027757568
83922711834923008
83618557153378304
83210595280760832
81796933752078336
81744512686374912
81087661548380160
79214551454846976
79195103889080320
78444087455383552
78122438017294336
77790229255303169
76439187091496960
76432288744882178
74136499704176640
73830095764209664
71616329844662272
71294808810991617
65863270787059712
58914107922976769
57838130581082113
53102849093152768
52745601284194304
48770219782586368
48766471597330432
48765224077111296
47762281114779648
46668150518984704
45878698917896192
40158301136093184
38366780900507649
29610922985127936
27746263856320512
23484000970477568
5792181319114752
3176976592412672
2741727903358976
29586880754
28753183417
27343854566
27242864982
15276871587
14863903494
14768421974
14392681596
13560554446
12641500299
12536055079
12246874912
11839734593
10791397974
10774369786
10546640637
10279912063
9590525977
9304888101
8643744126
8291218135
8239528408
6744748319
5522653680
5514420577
5420660710
5081464916
4892220123
4861875793
4841679227
4085112737
2871170915
2805652761
2675197325
2658980422
2347439617
2345220076
2329266212
2328690581
1996448326
1837277953
1527224666
1526734089
1435143317
1432107766
1303508731
1276350084
1219005903
1202900137
1155720962
1155227434
1149161828
1137179092
1124394994
1104875073
1099645447
1068024037
1066386352
1065827400
1171094149833068544
1115635972316831744
1255641837529956352
1255528099988504576
1254833862619942913
1254092608500105216
1142498950043394048
1142226727629926401
1142144743289364481
1141769752781701120
1141769638960873478
1141754178756325377
1141751467331731457
1141399265178263553
73773711341264896
71298851360878592
57844586445418496
55796235755466752
55329975502512128
50290797333065728
45872976100458497
42640553141215232
40456190278238208
38618501795028992
36078873816866816
34279102433206273
28123088897970176
28092620429332480
12528370986262529
10453960414461953
5443708770066432
4677338675544064
27360693448
27262769542
19859631100
17644768969
14636353205
14389964452
13852204376
13496343436
13491101716
12264127862
11060567972
10874248619
10788017405
10776685091
10546559993
8643672904
8560451915
8548282911
1253118351901065216
1253022700852969473
1252628204080242689
1251281476618014720
1251246297966948359
1251174597736759298
1250810508179095556
6747263088
5843367338
5843328863
5484622415
5481379797
5421918623
1100642127
1163875133175586818
1072504541
1072400065
1072365431
1069166398
1061372781
1227995634533269506
1227314531367563269
1227264915473346560
1227244962338787338
1226894253126713344
1189196120104280069
1188854357820936193
1187351070923788290
1164228265759977473
1163912394835288064
1137060997020160000
1250068783324069888
1248670237093965830
1083445711469985793
1083353323061825536
1080939445258543104
1076183744736870400
1075790933684150272
1075569758442008576
1075464047422816256
1074757624258748416
1074682954524315648
1073654103681716224
1072874145728352257
1072606683212513280
1072521801366990859
1072295969608347648
1071046179029426176
1065615594765119488
1063493633100398592
1062034011936223234
1060600127495249921
1060552186881601536
1060179247321505792
1058749187653799937
1012328085369376770
1011671182104354817
1011328924738117632
1008515067338510336
1008029789096239105
1007366503103188997
1007354205470896129
1007319623375687681
1007022333826125825
1006971078093213696
1006747301338140672
1006675668057444354
1006655627714842631
1005577444475228162
1004784810257190913
1004449094864199685
1004402918680879105
1004401917349507073
1004401628118740993
998992097129746432
998947754054438914
998946417178705925
994359680750313473
989503560244170752
988444534194556933
988085097801965570
988077897029124096
986264725058211846
986246389653962752
984894970631946240
977198903815700480
976808839835213825
976638267515981824
976571838229893120
974711865493327873
974711835277578244
968231478244110336
967115153970991104
967049834178981888
967038932906061824
905424094128218112
900058138610733056
896784321817849857
890565164935913472
890561544957853696
890187515101159425
890187368975806464
888410434570788864
888059914693873665
887381250893328384
887112680938639360
885523529294376961
885194111258693632
883416050016153600
883320847741718528
880404605837955072
877949062409895936
875018241579634689
869173784024162304
860233824851984386
857598352057413634
857597012509949952
856887100263813120
854746408230023168
854746304060194816
852523315885486082
849984451853602817
843957399627223040
841358340131287040
841356552787353602
840202369359106049
839960519104663556
837332390439698438
836628930035601408
836579627405623296
836229579253645313
834871301718290432
833755454694121476
833720629316747264
833711725627179008
833697861896396801
833696829510393856
832345620786642945
830062890195484672
829072536155598851
827277671574827008
827190069010264064
824366059234934786
1138832660481171456
1138613222364368898
1138435263540211712
820017192070737920
817025319014174720
806263877004566528
804347229989380096
804328493672779776
803269410404335616
801853176630640644
797123628336893952
792101422380777472
791995050364440576
781168307290472448
778676108275310592
778654966185594881
778637597186859008
778627170088456192
778624468948312069
778622042316894208
778340886652542977
776092937646112768
773906392423993344
770285088433209344
768163896419094529
764127907769946112
757599375996686336
753294901236867072
751072664815562752
750435805693435904
750352724617752577
748498062574780416
747896732931981313
747780891708133376
747750873086967808
747489680308994048
747454042155147264
578290952432979970
577851647524802560
577851430838648832
577553228306481153
575036948127023104
574990744403996672
574944891530248193
572802583682781184
571309762752729089
571133827793457152
571032763035492352
568782246875959296
568781386062176256
565224278732574721
565187796298506240
563707375107190784
563372100766158848
562626932291153921
562626115295248384
562276718321610753
558723381689065472
557744425871618052
557737749269467138
557638303521210369
556127610686947329
1250112112367730696
1249359313564504065
1248725750934536192
1248356118239338506
822507374367952896
818835389142028288
816356003960811521
809153528375738371
805818326970695680
799633459291574272
786984285517516807
781886127187890181
781242457317109760
781127605990858753
652150900564209664
652113375586029568
651118281621770241
649648598473408512
649579429488951297
649344317883056133
644168946921435136
1138811355958579202
1138186280188153856
1137460438403289089
1156988764708888579
1115781166534205440
1115339596856987649
1114601305673277440
1153704515973128193
1148966840154173440
1148939670635651072
1148636946677358592
1250493885240967169
1250420389886320643
1250222112570314752
1250150020713721856
1249029000418254848
1248334545537171456
1163485152506449920
1162095637506211842
1252253792898293761
1141105047608188928
1141082529769959424
1139513651658973190
1139155709495455744
1237840397902077953
1237746365804969984
1235638398196387840
1255489399057416199
1254904177852997632
1253712486311825408
1140705737657737216
1139245689215553544
1257671016920354817
1257348202858270722
1256332386138112000
1255916343825707008
1194600458310103040
1193914610207854592
1192856239300059143
1192487515829211136
1192448373552566272
1192436510353711104
1105932611170517005
1105534728126558208
1105524943872245761
1105213362944860161
1176543320228712448
1176517882890657793
1176181269346115584
1175211938151903232
1175122344924372994
1224897122606243841
1224889335645949952
1224881257437442050
1224767733750992896
1224082732462067712
1223250807216377857
1223005213608628224
1219723884951412737
1219673582470684672
1219620860568461313
1217545340880146433
1171563096328089601
1171561697271791616
1171500348743139329
1171475658830049280
1171063556525174790
1171047529754058753
1170098945785249795
1169659708040503296
1097303575779332096
1097161726544498691
1096920451153096704
1096522749936324608
1096448993394114560
1096056124875440129
1095169524972900353
1253365642624983040
1251905902006931459
1136088244746162176
1135895349737021445
1135711195334414341
1134486612023435266
1134112730590457856
1133913412700954625
1242893845509128193
1181563066250678273
1180136152822697984
1180136039651926017
1180135992151461889
1179449167304970242
1143867900408807424
1143701861368770561
1143573365422264321
1141824293954904064
1141499037306281984
1150882509451923457
1150820425573834752
1149697705746337794
1149682642188742657
1149439877999710208
1149382543394955264
1149382485047959557
1149357045222641665
1192095726618193920
1191856688942456839
1191467734871289857
1191034561754517504
1189967550911832064
1189544345663352833
1220100242068180999
1220078437634912256
1220052909683093504
1218695308441505792
1217911035887222785
1097303573942149120
1097207049149079552
1097183896649809921
1096099661952233472
1096077771946758148
1095816359823507456
1095527902509191168
1095055603347718145
1184154503798513664
1183798145777569797
1183108621850333184
1183107174643486720
1183103118160138241
1181926042354753536
1125141988959866880
1181924030057766918
1181682842180444160
1181642433936920578
1181607430922395648
1181563195774906369
1181563062698020864
1181350649881092097
1181233843971514368
1180114867052843009
1179481753834184705
1151494109762375685
1151136142818832384
1149663290504577026
1148983219443904514
1102281234284273666
1100179548375842817
1125845682370306049
1124038846939901953
1123956570851876869
1123945903595884547
1123724796733329409
1247281155847716864
1169272749346492419
1190650874856706048
1247150002167844866
1242888469040545793
1245375721947750402
1245062610762022912
1244985271285878794
1243936201473654784
1126149693308796928
1123943345825488905
1123680344140595201
1242534293697695744
1239643496623083520
1238571631326396419
1238177443300720643
1183909944095105024
1183105857820807168
1183104532374421505
1183098830063099911
1183097504277114880
1183096125080952832
1183094799416602627
1183093215756505088
1183087527047172097
1183086176728748032
1233023922888728576
1232380885011509248
1232018292568723457
1230550511058849792
1179433862310567936
1179205420600233985
1093617976748765184
1093500392346972161
1220039592105201665
1219799864927760385
1116815452968312832
1179412882733326343
1179083284644585473
1178761651488804867
1178661049282781185
1177757625498386434
1177610423304105987
1176928918802223105
1102258171094151170
1101926006531731461
1101219922133299200
1100863967021465602
1100825373128962054
1100541117186093056
1100394643433365504
1217130633769766917
1215702042502627330
1215290105977544705
1123713708008468480
1245460959549894656
1245114631955324928
1178746974624980993
1178350976786259969
1178335421144719360
1177640764916064256
1177393606497374209
1177310835716349953
1177248250782474242
1177246998057164802
1176896624385302528
1217473916618276865
1217192526056247296
1215301532268273669
1215038840257351680
1214678349014077448
1233042842634899458
1230160511678984193
1242469024694439937
1242177216148111360
1240746956831539201
1178263388285280256
1177586031903825922
1191459854029901830
1191445765748596737
1217466446407782402
1215305800249462784
1177303883149926401
1177232920400080896
1176997116989911040
1238528946494476290
1238111398829477888
1126189373194743810
1257705224887832577
1256998601621995527
1256365342059872256
1256019987178745856
1127258063059075073
1127214274487685120
1126552813000187906
1126505406295969792
1126279263236366336
1258412834700038152
1258103609763512321
1258056073740763142
1257324039996977154
1257316193855143940
1255919566993186816
1094268849120251907
1093593740571070464
1092482514768330753
1179144495532843019
1179073193363099655
1179064910904463363
1179049735073751040
1178272752727408640
1177259492767150081
1176952305087918080
1093569635348348928
1092991751537811456
1092428914159509510
1093949291498999808
1093186926511865857
1092974455788326912
1092946746315919366
1092839077047607297
1092804505136234496
1237814561035747329
1237515859708514304
1237419875682877440
1236104521715257345
1100803888930832386
1100079584396169219
1217103125212954636
1215720611726622720
1215399425272614914
1215277289291878400
1158071717446729729
1218695379648237570
1217898924595470336
1217890121065824257
1214323282754854913
1213580465451483144
1212775903786389506
1224894697916829697
1224470043444031489
1096170478719373312
1095773650597412865
1171444846432677890
1169622168512151552
1176604345665822724
1176604343673528320
1176604340838109184
1174813027587305472
1220094864848773120
1257813096707641346
1257394874090958855
1256258441498316801
1255846864253063168
1113148786895990785
1112726842908147712
1111997507326738432
1217084905429008384
1216765274965336064
1241406390465421313
1167485845215076358
1167134765843177475
1167116593920466946
1116815460501209089
1232319102523445248
1231998672981954560
1231252562055237643
1253359058939260932
1250909308113563649
1250890449545551878
1238505109925122048
1194616143689981952
1192196366870679555
1192133893375352833
1106579041363156993
1106200675858477057
1105885525007843330
1105855359753818113
1105129109708001280
1237910774632366082
1237890372535111680
1237393473554153472
1141078630157684738
1141061600486580230
1140618507043975169
1139548110995243009
1139199492677410816
1139181782186758144
1138897804699611137
1138881139643490304
1096517413552734209
1207771147821027328
1159889586329464833
1159538209187082240
1215283398811488256
1111705465514283013
1111644934250074114
1110921035761754112
1126175521241534465
1189224500212174849
1189158837468749824
1228398343782649856
1154014666240200705
1152241595502202882
1151950166406176768
1120753782625898496
1120339045186510856
1120321241108373504
1118908598019600384
1118908595649826817
1118866133854105602
1118859643445444608
1113152808558186498
1113063028113727489
1189282679935639553
1189190354462920704
1188932784334819329
1188875143092813825
1188134255601172480
1187820031645798401
1187204049633972224
1229475380773445633
1229138588148883458
1104025623591354371
1103752176738873344
1102650387096629248
1153320504461287437
1152991112816148483
1152578405260333056
1151913145411284992
1151891245645684742
1151856646278328320
1151628922313945088
1151612070359719939
1151570908198424576
1120762369599315970
1120728504956592129
1119682469819756544
1118908596669112322
1113108950470287361
1118173632163926017
1117876343612432385
1116395994982174721
1116357415203508231
1116134705701773312
1111691910299688961
1111685574191185920
1111287316662964224
1111273450679742464
1110704267264966656
1110554564971954181
1110188517848739842
1110172158649683968
1192217026607104001
1106270985026719744
1106209467421605888
1141029902646427649
1139269267323576320
1138925089754427392
1189213988124610560
1188951441827913730
1188947169031741440
1188929276562890753
1187553346296651777
1106639936869056513
1106276590852411393
1106218803745247232
1106196764850302976
1128650194474741760
1126908805206433793
1126193710105092102
1153694304176680960
1153363347284344832
1153305542179348480
1152321561602469888
1152295106311008257
1151914808968716290
1151579759723388930
1151546178020020224
1103734509609066497
1103658559756095488
1103405054369894400
1103349933095170048
1103093210442878977
1102954529350393857
1102594498125881345
1102295075776851968
1169357453449990146
1201962232231481345
1201507275166375936
1207834422868873216
1207722649885040640
1207449241737711616
1159608837554540545
1159538242544427008
1159538217265373184
1159538199611498496
1159538131638640641
1143701457453142016
1143542535446564864
1142095636738822144
1141726375788892160
1141696081505505280
1141365565145190400
1128661284986204161
1128324724273111041
1128276552007942144
1127294957843361792
1126893341101182976
1126314090350116869
1116004907562278912
1114654304927928320
1114520419061702661
1114004037446316033
1113940989285208065
1113550108493217793
1255185385774370819
1254774339527835650
1148691777437732871
1113851221150978048
1255262040450633728
1253471647211950080
1148263672285974530
1146811279937540101
1117845645996503040
1232686838864846848
1232434555249885185
1232431335270162432
1230978919169429509
1230550849958662144
1116057548594012160
1116016804785283072
1167430988181516290
1167099554216468482
1118517286032351232
1116113950805037061
1135189682394976256
1126924363716915200
1126855431731777536
1126472638203822080
1201962225638035456
1201857465169653762
1104837839337021440
1104072990340325376
1103416464944623620
1103358497163567105
1103298704524693505
1103062619919929344
1103022096765124610
1102200311790387202
1101303292469104642
1093250002154074112
1093177938252574721
1092982451021008896
1092979113441271813
1092971600566202370
1092831291245035522
1115691692051578880
1114938552633184259
1102268353492721664
1101524677455998978
1101124354493030401
1100819556464029696
1100790910433067009
1100456963308163074
1100434578324553733
1100131322310414344
1114160901094039554
1113790645813022720
1113466120588144640
1143897012791889920
1142618116029145088
1219742582789623809
1219702231601238017
1219313585609945088
1218658205640921091
1217558275920666624
1214561851851165699
1096507700274442240
1095352564667826176
1095055602005540864
1094987651172782080
1094960737183768576
1137029501798494208
1136627442028896256
1136381601854697472
1157008675657146369
1156666556526583808
1156623453040103425
1194271063271780352
1194041018162860032
1193311587370700803
1192838575315918850
1106295103784669190
1105514389212487681
1105505722782175235
1105182103300333571
1197965298781040640
1197896760657620993
1197239119480528906
1113440667974406145
1113110061432410113
1112794055510028288
1228828324111278080
1154033949867413504
1153832817828253696
1153821923228319746
1111023462804529152
1110593618266542087
1121037926652162048
1118908589891104768
1176883086786740226
1176880040761614339
1175507026992087041
1175464054258884610
1175144568775499777
1175130783704637440
1174791286970363904
1224754005076848642
1224350602689425408
1223635851185414145
1223329333940498433
1222974921661407234
1135593787626053633
1201896586168717312
1201623813609476096
1111315764772892673
1110955058378784770
1110566864084758530
1110551354852954117
1110293773647532033
1119714384119517184
1119305889763213312
1118877826864832512
1099685890396434432
1097946597747499009
1097303577456984066
1248298290967384073
1245765055318315009
1245418691728203777
1245023340017917958
1191801307314688000
1191413124961906688
1190298198096646144
1186738823558041602
1186302918804197376
1184891748729982977
1184817329588310016
1162434134708490241
1161690776071561217
1235568749127835653
1234967280053899264
1234873141920489474
1233148228511641602
1122873171240267776
1121781199855390727
1121119964176551936
1197616307149119489
1197327359462051841
1197199019849764870
1197880761782849537
1197541626350120960
1196902874665693184
1196847272652394501
1196846584849412096
1196836224696238082
1196819014560964610
1196769138531692544
1196582672556056576
1196570857767948289
1196158817408602113
1196135868815290370
1195496357559185409
1195456600959528960
1195385128299749382
1195355410657660930
1195352863251345408
1195071458583687169
1194667011323895813
1221226380429492224
1220844288562671617
1220436190677127168
1247969346154106881
1246448961512189957
1246073479805321216
1245777890094075905
1098599461041958913
1097957402161410049
1195352926455238656
1194691835035312128
1123296242757451776
1122899281545969671
1121833223997349889
1121433923974848512
1121426115271299072
1222560406230704129
1222248497870753792
1222194671407026176
1220771312303513603
1220761101257904128
1220726401789198339
1220515259787677696
1191814439961595906
1191805628924203009
1191728268166205440
1189999674285006848
1189929590854242304
1197174173833027584
1197160138668433408
1195433844108865548
1195385018182488064
1194688847201878017
1154046485400391681
1152279472202297344
1151935705221935105
1120731461697658880
1119296011757871104
1119008665841934336
1118985676492541955
1118965103993532417
1118928171569700865
1118908593397542918
1118618132279644161
1118589905519640583
1235564056259334144
1235306945864663044
1233499231073316866
1233424822799142912
1233134215027462145
1154026121534550016
1153827031768940544
1151837007737511937
1222255575607709697
1221805469276069890
1221133177290469376
1220827799306620929
1220720449363107840
1220710110491828225
1220704794316353541
1220345205422989316
1196953417803083778
1196923812136267777
1104602468267249664
1104133412288376834
1104078088336560128
1104058652393123840
1103680949366214656
1103676176382464001
1103065871830974465
1102659811014045697
1098608615441788931
1098393646662074368
1098230201467760640
1222269245393862662
1221868315171348482
1168918533226545153
1168556543505305600
1204453175744516101
1204208191439020032
1204150029797273600
1186657958794596352
1186637695008890886
1185714772718903296
1185294223970574343
1184524563360686085
1184466327974617088
1156209793327087616
1154393827161063425
1154123575961489408
1090745481871925255
1090704595075194881
1118527735570280448
1118159956165967872
1117876027659735040
1116788029606236162
1116405227782135808
1116388634310189056
1116380083952996352
1116067778585354241
1174153199558807554
1173701390876708865
1173688959853109259
1173646254217342977
1171788729268232193
1184124367044857857
1183100213445251072
1182381557094473734
1181985970599665672
1136269747593629697
1136016083582967809
1134093968080297984
1126126661299261445
1125458299942342656
1125054200675569665
1123755420387090433
1123691084335525890
1196980601947140097
1196879581422243843
1196868199167467521
1196840293414379520
1196820957144526849
1196514237968982016
1196452099724365826
1195829081981493253
1195754521861009414
1195422620340146177
1195404068296036352
1195104623675297793
1194978663600660480
1194718080460558341
1194650290575806466
1201962234383077376
1201923655137144832
1201535426667913216
1222646708414402560
1235255731697442817
1234532560136548352
1233061763551256578
1237754534673502210
1236046102627004416
1235953693146648576
1222586482256490504
1141334186030260224
1141089250185744385
1139208834814218240
1138935663427014656
1138850121586790400
1106531257725390848
1106257278875983872
554715367323762689
554671380240035841
552192264232251395
548132077754155010
545242991645192192
542779498304135169
542445176589783041
540906926482419712
540887389288542208
539791894440837120
539499457398980608
538022069691510784
535972975460503552
535959652929138689
534784968468480000
534432567446241280
530064161917915136
530062955858374657
525392742525194241
524941925988986880
522464154704429056
522405927853776896
522035535435796480
522033117352435712
519495491466579968
517327336157745152
515139149465415680
514826677290283008
514115331926032384
512349530310733825
511929430642810880
504692161708052481
504640014228406272
504360545735417857
489806095746367488
489087206695661568
488765097980870656
486537612296220672
486493524117176320
486173964046045188
486162064042635264
485061488697442304
484710880488480768
484684055431356416
484327960984707072
483670385766838273
477766547704799232
464189985420083202
454253117681696768
415846210277081088
401089615094091776
384853809631330304
370349663591075840
363298480338378753
347390676582924288
329702679456665600
327118536218652672
325265256341463040
309353035577036800
309295836318277634
308951363822444545
307145165297049600
301400959005908992
293760509004611584
287698049524981760
286556104161386496
281898980789608448
273801386922221568
270646658876981248
213272768840609794
195246329478385665
192289377630699520
184738543980118016
182140811415265280
177785312930566144
177785120248442880
167638482280394753
160060681662636033
159756477488312320
150942994718142465
136114179546427392
131806693284782083
119816843862097920
116296978421399552
116292389471129600
112926015248015360
111067891696271362
96666122820128769
96225769537286144
93823181806256128
93780233307697153
93709212982575104
93699411426820096
93690101871292417
93477041210531840
93441154053443584
93301004799442944
92576343253983232
91995884333711360
91471427240333312
91276146779500544
90890124136689665
86513420505059328
86458023886864385
84367576225939456
83610865869402112
80347388727918592
76434219391385600
76422785135677440
75717069571756034
75250449493655552
73794099882373121
73775407203237888
73774460452356096
73407999686881280
70156813588365312
70147107117469696
66557377121492992
65567017402507266
58925765647015936
55782328080936960
55641244377939969
55417771961495553
55414221369905153
55328021355302912
55290617072320512
53911199657635840
53803852381696001
53204008613068800
52382297307103232
51346023364300800
51344743321440259
50186697538945024
48771884183068672
48771018180919296
48762749056061440
48760027481243648
48490103693250560
48375906149994496
45933716975001600
44877865346531328
42690850966339584
38691697395380224
37885101492801536
33185545173602305
31069837727899648
29992251471962112
29926952672432129
29911571815727105
15405136364969984
10076838139269120
10066247303561216
29697804424
28422388527
27439927373
26777602922
26579775645
26566631773
19663411677
18846752768
18433590080
18371317320
17957920244
16855893558
14700459096
14388644435
13921634275
12892180608
12709963108
12708667849
12660827197
12592159030
12168075345
10834858200
10791991881
10790370180
10785563652
10781163445
10780397025
10280112968
10279938429
10239641976
9836592652
9829279351
9630619694
9584044797
9534439575
9353875140
9197832622
8864497420
8648090132
8303390294
8279949593
8245587989
8039502624
7752327069
7643085946
6851019663
5511329881
5364743614
5102576501
4155282794
1128670986004508672
1084266386573144064
745624890234015745
745623296222330880
745605943270969345
744881260888268800
743128409447006208
743124905173078017
742341819552391168
738071451102777348
735862619274391553
735190923441754112
735113584708063232
734861676349165568
733026724858990593
732566683542523905
731192313947537413
730858433608601600
725398959011823616
725398823363858432
722484823256862720
720973604582735872
702572462148550656
695333476392808452
687109930713772032
684806628911267840
684381451194904576
677882387037102080
671356826567491584
669936370626990080
661917210898747393
659098460336037888
659098381961285632
657672081920937984
657641320878620673
657333020886745089
625771777856282625
621771232040452097
621376104172003328
621063687848247296
614465808434073600
610863502723575808
606867130722729985
606105045436932096
598133434469502976
588456258597847040
588408208374497281
588341681352794112
588336041066680321
583295891953549312
580032537763786752
577819265711083521
577817543274024960
574927431640948736
573876267633786881
573186398695628800
572478381931016192
571310778172755969
571134917339439106
571077185710268417
565899009005748225
565223809041854464
563370896518565888
562625706602291200
502823926532431872
502437653967831040
498927523078897664
496674884068839425
494490828120014848
494219299176054784
494106593660002304
493750902831214592
492406067490725888
492037964206051328
489872257616199680
489520791344513024
489470727058632705
489420494643658753
489094635965657088
1204436582578700291
1204122694368841729
1204117838853812226
1202362141707255808
1187025406244904960
1186696878982909953
1186446006101123072
1185734963079143424
1166336373395247104
1247570996472750080
1246486013276499974
1245807600836456449
1131231022702571520
1131179753505984513
1130938493381824512
1130860809247178752
1130819722893766656
1130591036093419521
1129825229151318017
1129801360956960770
1129114856588759045
1129049599375826944
820017331778756608
820017092040781824
806258202945978368
806236299325767680
806172653308485632
806169770357821440
804327907221012481
803619112295374848
799636327411187712
786555321971945474
783004119149707265
781509989764595712
778611309122359296
776137031395188737
775780699483803648
775439666099216385
775409983739527169
768103099256930308
754011966759399426
753328597071433728
752873511677468672
751464361353412608
751445375744081921
751397989361545217
751396448747528192
750689728035483648
750402483634184192
750381265833062400
748157727378112512
747905759090991104
720983037308235776
720747054536990720
720745637256544256
720745428946415617
720687465338707968
719929949839343616
712651252560183297
712634635897991168
712621747401531392
712279952511651840
709748899045576704
702953432433483776
702937509152624640
702570991554322432
699616882870128640
694886044034969601
694531658570186753
694267112609701888
693092971961524225
692737234076835844
690547078485970944
687110236327559168
685222270822912001
685109250721452033
684740653662769152
677958193616691202
677548475005935617
672441613327736832
669232177855467520
664103545591996416
657239687527034880
657185259574984704
657181211002060800
656932927335440384
656545703532109824
651741767570751488
651412540531081217
648537643958071297
647066012114919425
643896239159951360
643888311497551872
643881020387893248
642408743339184128
641636874495361024
636231823924838402
636216267427479552
633351761378603008
629746488793505793
626855792856170496
626428064814231552
626427933784195072
626023342663966725
624278207777374208
623228398459072512
616255331237265408
615874862821810176
614463316476456960
614231775812931584
613802334775328768
613368206221307904
611248981088337920
610900710788501504
608619745559126017
606870583633149952
605814447211311105
600372146381201408
599188914394529792
598590277935353858
598586221699403777
598576420470792192
595956799230083072
595288879617482753
594134434741428224
593849407671500802
593426274187608064
591341044408672256
590983573949276160
588735016106065920
577542547410673665
570995274535079936
565900469403672576
565892239566843904
562685205807640577
562622126700892160
559734334694105088
558322358063472640
558034604628914178
557717420195213314
557188112213098496
5523583369
5079688508
4062391128
3866845118
6738990980
5859993726
5622079578
5509592813
5457388921
4898537453
4841737030
4737583474
4444050758
2879013288
2803034778
2689816810
2573007082
2540757593
2345478731
2238676101
2124352744
2020037786
2018163777
1737639722
1525568846
1389131014
1312575329
1206636014
1197651610
1152617126
1149595835
1149162582
1139421020
1118505708
1116059479
1114119457
1095663588
1076575590
1075364982
1060993815
1227968366524194817
1227626865189363713
1226951480915234822
1197134141697003521
1196815153863507970
1196147995932102656
1196085358825496578
1222648530529071104
1222599902133391361
1222583399589797889
1222542473295224834
1222163729326006272
1221873496650932224
1221479492289474562
1220858520813342720
1220720551246860288
1083378097334964224
1081295803396882434
1075465515957547008
1074707292879286274
912700442840371202
900058924145160193
897848686738362369
897833678163894272
890576515544600576
888490352872751105
887282618118680577
887265759604486144
879364026312118273
877985302060580865
877879838752854016
875804129284829184
871810092844404736
860213770953658369
846818982753644545
844236786574483457
844189999125938176
841657124858023936
840188663745110016
834414240664518657
833742378771046403
833737984537198593
833710324847108096
827185693386534916
806264251887271936
1235252825707421697
1234603099106553857
1154734860742864897
1154565661387087874
1154515112990035969
1154460874972831744
1154454120432111617
1154155326142328833
1220515192766967808
1088576713263595520
1088447358722031616
1088208434590302208
819648679426592768
1088109040746549248
1086718038852939776
819645577092886528
1086358602762383360
819272219826278406
1085658729779875840
1084935980199657477
817372602423541760
1084848642496827392
1084474370469302273
1083756445131255810
775441417556688896
775363555591856128
746012647389290498
745372149712510978
742822637882216448
735138305017253888
735086697327820801
731193097753907200
731192073211252736
1081219240626216960
717807491174805504
717091916412747776
1080848714237919232
712704680837689344
710128415458902016
709804951313240064
1076693534063906816
1075758313332199424
1075569058786000896
1074726922574282752
1073291301372788736
1073249684603498496
1070678221581156353
1059876209042116609
1059515314029899777
639870222263042048
1057662368237412352
1056326544937926657
568413131296387072
1055883807742681088
1055536722769993728
567705667465904128
1055511484116037632
565981587326894082
1052567567766876161
565979102684139520
1052363148341248000
1052238152092581889
565222786822832129
565181720061034497
563349181365248001
1046832889793536002
1045782351165435904
560208735449411585
1043219693581029376
558276526677188610
557975786029084672
555754596975792130
1039932614659006465
1039620587453337600
1039550314897186817
1037541750724874241
1037148518639710209
1037072369146388482
1035972727679672320
1035602446922465280
1034835186154962945
1034793963901911040
1034442086353985537
1033533329767837696
1030201965370847233
1029824310343544833
1029472883309989888
1029106279808229379
1029092597481070592
1028299610639556608
1025441004592263169
1025086289610268673
1023724845316694016
1022919527791816705
1022806430716440579
1022301210173472769
1021824470015766529
1017586281621217282
1007405657664950275
1007404590638170112
1007371480601120769
1007052693431635968
1007002458550427648
1006971464879345664
1006717269303595008
1006267390290747395
1006235727762509829
1004351606308163584
1002237212451360769
999288981081772032
999288695055405057
999239857368166400
999110805722460160
999014855196729345
998947459945697280
998945313556717568
996804532280717312
994314750141108225
989630638419513346
988083280376483840
986246356288311297
984897925015855106
984878362190589952
984099002575675395
976782724114640896
976771496780713984
974294033978871814
973932321165529090
973932298600108032
971175693018128384
963763920619089920
961400750290227200
961330736384106496
961001940535652352
959514395918438401
959513625462562818
959509569285345280
959490669965438976
959248723502075904
958352058037481472
955219045770584066
952656935228067840
950437521846161408
949400451983794176
948567161471164416
948567159810207745
948567158107369474
948567154777055232
948567151874592769
948567149521588230
943581589493174272
943181680386478081
943181497342873605
922948522835628033
921014794014076930
915983853197643776
915263633965420545
913424789213196289
913084427475017730
912696983923683330
912693064493346817
912672586097668097
905482049250787328
896784648549933057
895675893049430017
888492420404568064
887346878827962369
887112899646435333
885966183878594560
884843024504827905
880488827667828737
880157903814053892
879810160537030657
879360830470533121
877961135181492225
875018198181138438
874636342554218496
874633113388896258
872171727282896900
872100296159350785
870656202157502466
870654767109984256
867751445348720641
866746663360233472
857591919802822657
857278153051578368
847895212206809089
847827446670000128
845384523349196800
844875218258579459
842758245014016001
842039733526102016
841000298038583297
839858636692328449
839500023884836864
836610765343838209
833737845684699138
833701314806894592
828954942828318720
827567968875900928
827186077287010304
827185116736782336
827181931477495808
826905203421110275
825036966848630785
825036030562611201
825020692840091648
824365670137729024
804345052529131521
804092832462098445
796393697583759362
786983981774495745
786555349650149378
785846028725616646
557737167079092226
555018706154422273
554663655095427072
553304908905328641
553222062639448064
552576023553130496
552174500226564096
545243842606555136
544567997659365376
543064678348648448
542781569426259968
542779992766435328
542432099110633473
542339552871206912
542323007700873216
541976206816837632
541701575232983042
540906664539734016
540905446769717248
535503108919808000
530791480013910016
530773477918527488
526770449204916224
525721258487721985
525638952142000128
525293351571292161
524261742441156608
520298629131935745
519243268287397888
517665580258959360
517389456404660224
515188129142034432
514798589336645633
512656973574074370
512357650785267715
511923522428751872
511904811512377345
510063915427196928
510034401624084481
509710787590750208
509389015037267968
507531153004576768
505350651954855936
504986657465331712
1183101696634949632
1183091804650033153
1183090224781508610
1183088887981318145
1183086179874463747
1182764627102457858
1182284629992263681
1182027870333472769
504351758030995457
504318579010187264
504001481801216002
502475435109019649
502179595186352128
501476863584530432
499908745351409664
499273219908861952
498919416030326784
497810781430611968
497393803876380672
497377437484064768
497065871727394817
497021769472286720
496744803426893824
494551122993229824
494490971510693888
494475112864034816
493777660976586752
492738041724018688
492735336410513410
492290728165670913
492284790385963008
491603630223810561
491587159204560896
491221466248384512
490933574020124672
489864961536303105
489453193655767040
489408465723744256
489034566687289344
487684186539851777
487645209124405249
487603899197841408
487582515041824769
487217597981949953
486983586768502784
486572866717360128
485055940744732672
469675238314102785
469182552310169601
462284719741501440
454010944264617984
449219230584827904
446726106662440960
441211477186609152
431124775922962432
423513469355192320
423463273938571264
399927439830183937
388019380417990656
367632795268431873
362708843668578305
344801205467348992
344093638218899456
332937051945201664
332258912558542848
321231941657579520
315484937950203904
315220229959610370
315182207956316160
314059203612405760
311150712555978752
309669479384772608
308769011557101568
307586955024158720
307142236083195904
301534889826734080
301475537921126400
294823913303703553
275982066515075072
273833085949317121
273829318591930368
268754372287139840
267692086281773057
230992515321430016
230391272588853248
220561159647010817
215142762029400066
215078440053911552
213273232499949570
212528348553936896
210833700353622017
207172547916206080
182465842561290241
170518817322172416
167671204252090368
161939264588873728
136977474297929728
136972828560990208
136969928728256513
136104071609319424
121251047284031488
116299844586450945
112986175454711808
112143533141528576
106343812347084800
106104314044489728
105689317418090496
101383526427009024
98449842933735424
97072429331001345
94522846319091712
94228418689892352
93424284856365056
83642838935547904
83642710807949312
67982609703124992
66557524572246017
66557236146749440
65565495352496128
62590212307562496
61176422428966912
58308013559263232
55417388623081472
53811033994829824
51346670151155712
48774919516991488
48772930024386560
48762133231575040
48473074642849792
48132713672220672
44874998753673217
38651590571339776
37614784702586880
37564720991059968
35097669202350080
31111527889113089
30657886623371264
23814578160799744
15516419508670466
15214765366317056
14762178305335296
10435426619752449
568432735031296
27836025006
19111552594
18569041986
16856474173
16480180645
16264550293
16226231239
15424789701
14370834156
14240507401
13981900219
13855368083
13558615437
13551336151
13371616629
13149142822
12973434006
12704321494
12593047852
11840078627
11762380780
11717988011
10794604914
10784471665
10534707457
10521872802
10521141531
10330048448
9834559967
8965938050
8380847934
8380357070
6746966791
5523582877
5429502918
2942893431
2912354874
2826670016
2136230063
1639004709
1525500813
1440156531
1318312403
1173279527
1098087753
1096008021
1068245489
1225796376447135744
1225555028339023878
1091046017590534145
1125858946810564613
1125083905051115521
1124038599182364672
96706467570270208
95953466677137409
95603104078233600
94194523244212224
93771931869913089
90398424649826304
88678745875034112
85455878819549185
83604030156324865
81744042848813057
80768487257153536
76438708533993474
76433231322431488
76389468730433536
76377693918208000
76074833389166593
76063384562434048
76047114886586369
71623364107714561
71622722286927872
71304834090926080
71249053215768576
68649166804500480
28094934217134080
22725359992578049
4544105698828290
26648211125
19741394900
17901623032
17867481995
17437903299
17270815870
17270734390
16783098556
12581797195
12549313858
12118891203
11098756169
10853776408
10685570376
10586910018
10579987503
10569763943
9631100457
8652681678
8602678534
8548070786
8376031850
8249067786
8071865747
5519542867
5518854813
5455226695
5419959613
5264842741
2022148972
1164609442182246401
1083378518547943426
1083106714965168128
1082720844156203013
1082665128066207748
1076882453292298242
1075125016302358528
1074000131345842176
1067106575880458240
1066009252538580998
1065337794304897027
1063096123676676096
1061360004639416320
1053329480750632960
1053309583257681921
1051462879952756741
1047584387515203584
1046799097313841152
1045046168827424771
1043220851758391297
1042856615517540353
1041823287930699776
1039921659124350978
1017403630050336768
1013862874551324673
1012384408945520640
1011973024701140992
1011658347320242176
1011620026963709952
1011595544530178048
1010931405864529920
1010885689142136832
1009817582671679488
1009807068402987009
1009777144250228737
938445795371749378
935147724084793345
930069958255632384
927988445531828225
923272603111960576
923231961006661632
922937302724370432
917370147349958656
905423627662786560
819589267995430914
818474575466008576
809426978818457600
806484323213963264
806263722285133826
806236400240783360
1204497564130779136
1203021965243617286
1202644034214408193
1109802958005387265
1109801353365344256
1207299164041809920
1206610428027187200
1205974840571813893
1154810392704671745
1154448802012696576
1154390164967501825
1154149185127636992
1090664518353649664
1088920057063837697
1204101739185610763
1204018688908824576
1202985335644459008
1202714929414975488
1202705403588546561
1202618907317673985
1202283068331044865
1202247192041447425
1173949699222573056
1173603844439367683
1173294713606201346
1172601252506689537
1171883554697093122
1204111705019764740
1187042540446461953
1186787627627876353
1186282321240084480
1185572155670614016
2254497040
2211437254
2118114860
1388570165
1246933039
1122078419
1118860335
1072508819
1067480933
1067264784
1066372499
1065212522
1063448672
1146114901267701760
1145697687708295171
1143992187216175104
1143900282046341120
504296829916545024
502860130422382592
502122084295016449
500352479738212352
499919685803319298
499263656161734656
499233945394102272
498826092955058176
494875849372753921
494471252594393089
494112034234331137
492307599384403968
492023507039944705
491685646306906112
491286578929885184
489742976584003584
488790707378094080
488778909199392769
488669637748719616
487637352777809921
487314640691810304
487295574304362496
487225599849947136
486977057050865665
486914473954148352
486517690241404928
484690928582406144
461524641757274112
456505338703798272
431092278002987008
430870858765443073
401089328941907968
380684830083911680
365520450308149248
349973809778008064
337338909690318849
337194525674049536
332946292852543489
332248579525726208
332149911787282433
332132137006403584
327505757971038208
326766210345754624
322771310549811201
322770716799954944
316565041681944576
309731800895332352
309352203183869952
304392768954978305
301742907906473984
298918670359470080
296740206864891904
294466154179743744
288641909298176000
286947538458787840
273824813276069889
269498606237671426
254018908087021568
246678460750249984
246674677613862913
245915768020152320
218367717894397954
215548985644036096
193072576963158016
192277896054845441
186218554545283072
182269023415844866
170534877622566914
144446693629362177
144419080944885760
137603801573101568
136963124166270976
136851466412494848
134977985739624448
116305003722977280
106781977537024001
104262170870693888
103937210121854976
97042833453748224
96430331644739584
93478420394147841
93441522829246464
93315240997027840
92381071919943680
91222892582404096
91209416308822016
91169294951522304
90890661896781825
88677802009821186
87878915934265347
83886232660213760
81797127335968768
79195605808848896
79195329240645633
76296367215087616
76025767028469760
75706815714836480
75603831421026304
74174040654360577
70938563751059456
65800610959728640
65570803076431872
64911445225254914
60546913354788866
56064981317320704
56054074327580673
55421136992862209
51345748750647296
50658219466563585
48774030567813120
33263911427899392
29584199774117888
23484776073666560
22411457631096834
18355175366328321
15892359816413184
12594028834983936
29398978950
28985718181
28030957366
27744598571
27139685613
26579791783
20484832108
13492928027
13149995645
12168468869
11098531612
10852528490
10845761433
10825940706
10794226185
10789384578
10783317695
10734918110
10680540399
10628087102
10531248556
10530371493
10377410129
9930155625
9896255553
9242282860
8881467056
8864054524
8553812368
8298359932
8039471954
5296835014
5287522809
5204576874
1118877110
1105096154
1067953742
1065524979
1065272897
1061274539
1227284042917257216
1227257502393339904
1225170499476631554
1086686224767741952
1086033841498849283
1085532873174761472
1085294650129375233
1085264932139094016
1085258681053265922
1084995359389159424
1084467140621750272
1083819082581925888
1083503436572868611
1083003684169093121
1082278424432074752
1080989388333608960
1078379388654288902
1076541045473792000
1075846840397033473
1073612327801577476
1073595466757984256
1072959778270392321
1072902189817958401
1072843008771584000
1072483632034578433
1071540992627671040
1068917576401600513
1068566823489232896
1068147470935445505
1064566570633084928
1062700821966712837
1061703706759127040
1060292492720046080
1059499872733327360
1056962161942118403
1055107791151620097
1054755032850223104
1054732433155854341
1053368306802008065
1053078205912023042
1051515784609062913
1051478481710788608
1050124947476140032
1050094792582008832
1045702873739407360
1045072954109956097
1044955062081138689
1044297573853536256
1040685165880721409
1040337234547929088
1040306443629416449
1039222176602312704
1039183868602077184
1038146899046477825
1037897919964184576
1037256946775207937
1035176132717568001
1034209146554335233
1033083468446687232
1027586337933799425
1026954766801428482
1025889356555399168
1025136599795941376
1024346750667116547
1022288381320081408
1022256612583661575
1021887240803426304
1021834943104729088
1021403022541447169
1019973676240863232
1019201778439671809
1018990000405405698
1018872420835512320
1017770812936466432
1017601302375870465
1017492083345682432
1016760487894306822
1012025274278531075
1011639505332432896
1011611036636598272
1011262965897670658
1010931429386145795
1009906923725099011
1009799360727707650
1009148927504015361
1009105641607180289
1007446980396711936
1007343968412192768
1007341251522449408
1007340841470447616
1007012484589371392
1006590521488404481
1006567069528264704
1005157511303839744
1004831607767863296
1004436768018624512
998942284405264385
996804360603602947
991403276959604736
989547693939789824
989547586943102976
989537428988887041
989503985445896195
988947279745896450
987036472946712576
987032371831754753
986246256380010497
985306530391183361
984919718418157568
984797359371669505
977197483452444672
976825624336699393
976808813801213952
976792520037404672
975838646753472512
972139954817167360
971167588767162368
1164944146534195200
1164549380759851013
959592736247689216
958749294508630016
957041261042683905
954454513993289728
954447361815834624
954443199979905024
954365540444893184
949836451189059584
949400772898426880
948567165317283840
948567164503691264
948567146279374849
944681677376446469
943322448191197185
938911569680977920
938831382985535489
938814023885295617
938591716201902080
931256005551419392
930267434929606656
930098537270046721
925791574755348492
925708747388981248
923179172725374976
920692074944528388
919939786449870848
918868678820745216
918861600760537090
918578272048427008
918510643329855490
918510489012928512
915990728387579904
913085180621058048
909849445809950722
908036294361657348
907261689891926016
905415288258252800
898245344303210497
890640811536171008
890187262767624192
888384239598788608
883325538789711873
879707355885297665
878008641797857280
872929957844054018
872091109794697216
850411017167413248
845383798074331138
844224467551293442
839500774052880385
836789442279059460
833744814332067841
833700474977185792
832286854917545989
809777060193386496
806901958363619328
806236450849259520
805965955713138688
804026601650450432
803620659620233216
803618678633676800
792080550823661573
790914693984583680
781885453289005057
781142255235129344
780871734576766979
779062109384605696
776091071541542913
775781135087460352
775767900296736771
775683599144198144
768468537727979523
758318032053739520
755428224482549760
753616012545851396
753338538729598976
753234852984549376
752967884050145281
752945161836134405
752881213422071808
752575805864148993
751169921422426112
751050360031150080
748261360979542017
748187313885294592
747905231162384389
747878387725697024
747857300195524608
747857174454468608
747820370934239233
747780276550524928
747500208414679040
745649732639461376
742820481523290112
742783135264460801
735583888588832772
735142426403311616
735113698222690304
732939893333196801
731195173384953858
731192412991856642
731168344662020096
730858615670755328
730780923235565568
729776205969395712
722124846507958272
720747141178781697
718450557300707328
712376404449558528
707642991733825537
704688254487040000
704682601878056960
702873437774221312
702573477023326208
702491156270215168
702242063069351937
697126603688710144
695281177956073472
694973251047526404
694528699664826368
692746633738608640
692429376265306112
690550580666880000
690550237736361984
690549057622769664
690547218881843200
689926753284968451
689525599765823488
687110981802176512
687110527466795008
685536265320710145
685520433421119488
685222368621518849
684876152004067330
684875706862583809
684381251973844992
677884174229893120
677883832461230080
676889020102803457
676840234479394816
675053061191180289
674337330166145025
672820053948178432
672455819724738560
671421306987020288
667041654017277952
666636844348624896
661575810772508672
660147161376661504
660146719557083136
659813181691445248
659802383845859328
658392617198198785
657576871123656705
657240586081148928
656140885525139456
653999657266348032
651786302388613120
650040092631920640
650039816533483520
649943658297466881
649663940289544192
649574979768598528
647056954888749056
647047991275200512
643896692232863744
1204523465363116032
1204209444571275265
643433840179040256
643431191073456128
641708370785865728
636542785387167744
635841318992912384
629106117566693376
629104731546349572
629002494123880449
628216245339430912
626784448110006272
626428901087137792
624568830585622528
624247712343564288
623911299634827264
623481426256728064
623466296693399553
623303398008463360
621376966277615616
621018429613584388
620589661799469056
618852169593323520
614463112163512320
614128263917662208
614068193565540352
612996381100371969
610866991344300033
609053887564279808
608642832543444992
607986832022872064
605812484222550018
604383927478939648
601377475642400769
598135868365365248
596673172021354496
593788665702293504
593434848091611136
593071430469853184
589075782405902337
588358897750188034
587986437640957952
587977796812722176
586586901827739649
585861684172091393
583371227915546624
582607962105053185
581451221820698624
578288545296748546
578287096722518016
577851250705883136
577850653055315968
577536666358910976
577463972712022016
576437756433444864
576210650822807552
575037437535256580
573959872783499264
573518092816482305
573189364534157312
572852574795112450
572760018426171392
572434716705619968
572425721181814784
571053607103164416
571040438725042177
570591348094570496
570258506194034688
570255792512901124
569905400893603841
568439893036302336
568415873293275136
567705699233570817
566267609818341378
1204101740850810883
565938929313267712
1204101740032921600
1204101738325823490
565935601963507712
1204087549867757571
1204051927182585856
565577053844824065
1203777785694687234
562294743779246081
559725151617826816
558349989865603072
558277611907198976
557926665603809280
16238100994
15112641554
14694152245
14690472668
13921940704
13854355298
13853395974
13799203401
12892125464
12725064205
12710894313
12647756053
11098667592
7999335199
7962873538
7962712112
6747248807
6739960638
5847083086
5524347393
5484116881
5426313913
5393638673
5373563770
5291673482
5290423478
4470161885
4057221229
4030577719
2639768675
2520092453
2518657193
2351806798
2330053681
2121011104
1852524348
1640826423
1390902007
1382225061
1321721513
1246934676
1219004855
1158685085
1156771911
1149163631
1142445357
1116208883
1088170154
1065874136
1065525425
1061469824
1207343067713462273
1205164730073206790
1204548646483759104
1090409368133271552
1128764398833668097
1128739895789461504
1090401884588920833
1090296339118899200
1159863070467997696
1159538232994013184
1159538175758540800
1209845551178682369
1208031424730849280
1207786475389161472
1207656722359304192
1108368128898203648
1156278012893155328
1090324771517186048
1109856147866030083
1131202818415706112
1129477047301103616
1129123445671907328
1129011231342379010
555005688033067008
554758388002070529
553570561117683712
545299213740150785
545267660154765312
542694264514551808
540907428423147520
540906322473283584
540886524355956739
540606100354400256
540158753732329472
535614243497082880
535546813722677249
535096481485963264
534905944912969728
532939458535247873
532556654819418112
532192949367746561
531841856884449282
530819330695782400
530751430467272704
530142376342220801
530063747113816065
530063677962338304
529740881801543680
529703711636209665
529279027576848384
528243697914494976
527155516884393985
527120350770106369
526792435104768000
525406308573667328
524950043380686850
524941669154947073
524632524794773504
524303454819188737
523146812228894720
523145991432978432
520574376505511936
519900667633483777
519239397599105024
519144534673215489
519137887481499649
517667147062210560
511903546498093056
509768495866056704
508994371891785728
508975975309508608
506818617758208000
504646206984048640
504625512497827841
504368548941402112
504365388613054464
287277281850847232
94229093482110976
94227483095859201
94193687558488064
94044025270714368
91987543993753600
89432604570435584
83885405648334848
81005933152579585
80360341166501888
78121406746992641
76071095756795904
75714329311322112
75711205687312384
73423832265928704
71622365351653376
71617971663011840
68727466713300992
66514642104627200
66164804280270848
64914954091888640
48769547020402688
48768654598352896
48764242693861376
48763505167441921
48761217459830784
48758757999640577
44600937293152256
42703023063052288
40501946762805248
38250867165495296
30684102071947264
27858528131620865
10016592221962240
9325280023814144
15807479727
15201583953
14921974679
14720286569
14570602006
14436399447
13869935740
1108441134206984197
1108073213647618049
1106939142418640899
1132143561959464960
1132037898025492487
1145730843312349185
1144596150227492865
1144302332148162566
1144290773288046592
1144248385177903104
1143943796050288644
1205318186641625090
1205234750409060358
1205188475185745927
1205132365158322176
1204930116180201472
1083429249212661760
1083427469317849090
1083170612707758080
1083122883067633664
1083075735697453056
1082722927701905408
1082342100564271104
1081668287841349633
1080916454235459585
1080465366151819265
1080170988002820096
1076888163107463169
1076864176243515392
1207106460397842432
1206961677801050113
1041739923789946880
1040351589255602177
1040038441541623808
1039929616776015872
1039880723396784128
1012349824941809664
1011640696607068161
1009110989281939458
1007687815394725888
1204813635291406336
890564564886138884
889576073431744512
888418458714681344
885967096391356416
880531607060434944
879401296117288961
879348791144587265
821403765110697985
820017271053619201
819269154675052555
818556254129942528
817469583229616130
816739614849376256
816685063572258817
813141648691658752
812511460953903104
812511391697563648
810860983006662656
808729236781600773
807328474935554048
806968074947743744
806502233743441922
806492328995287044
806264528270925824
806163826127343616
805965874242973696
804718368695734272
804024771302326273
803942922135732224
801109242740637696
799635614442340352
799633612375203840
799285240606752768
799284268803493888
798264784282124289
791276262555811840
786677201869692928
781921099705647104
781857314789789697
781233538377089024
780515638213283841
779045163813470208
778660243446398977
778631427160170496
778580355620171777
778330242293334017
775689262943567872
775453332366319617
773963953361870849
770652479017058304
755428173471485953
754029728533712896
753599024096313345
753294421194641408
752968283939364864
752918491078991877
752885994848870400
752875672570298368
751422301405667329
751034502454079488
750402125008629760
748869673517715457
748179358280454144
747906519711293440
747906057909985283
747902780241764352
747758098794807296
747454225014206464
731187852185350144
731168634232553472
731167571454623744
731144526304268289
729776592415801344
709805504290226176
709804755242106880
706930532546945024
705113290670776324
704729862360211456
701776274772115456
699980963644837889
698154229207343107
697439655625691140
695696831418908673
694578523130982401
1131908672894976000
1131908671879954432
1131636365857361920
1133372122410233856
1131908676678279168
1131908674597871617
1131589147444092934
1133763179220221953
1133019129575874561
1131908675529007105
1131247098756833280
1174362160602001408
1172630972032049153
1172221286380163072
1172218169131446273
1174350550336462849
1174073517865934849
1173971623424266240
1172144213418553345
1207093191637454849
1207002747075256320
1205581534071271424
1205162060033773568
1204935326227206144
1204901172408180736
1204886650372984840
1202967502801788928
1202325676164091905
1202292645827162112
1109909569566900226
1109842529355251712
1109085996568727552
1088865474555846656
1088109091195682818
1087739845311647745
1087398392119074817
1087385520550887424
1086369798450282496
1086369755177590784
1086277543999680512
1085916654213742592
1085891381275578368
1085626207843028992
1085303831888625671
1085249929738706945
1084899610483671041
1083740807591542786
1083465209820446721
1109267722779717632
1076169045232234497
1075925611854643200
1075923773847756800
1075840003681468416
1075559380563779584
1075524687986376710
1075032435287445504
1074716429004484609
1073234904966664192
1072618405365198850
1072538644903268353
1068954071284006912
1062345085189148673
1062076651574566912
1060997449819533312
1060256608343732224
1059497836130299905
1058462295251140608
1058391382631596032
1058000065044930560
1057698970422542336
1055810276250054658
1055635634025578496
1055487146444828672
1055471641986297857
1053301848814338050
1052930927528173568
1052901527734632449
1052749358272311296
1052337081341673472
1052293627995668481
1051865362336292865
1051215613937573889
1048664601347444737
1047895779669671936
1047852560164560896
1047234025843314688
1045319784672505856
1044986400746217472
1044742883188903944
1044645181394505728
1108353797674450949
1042833875263737857
1039952173709357056
1039473881592094721
1038490148604792832
1038464281392627720
1038242251334406144
1038064127980302338
1037360871931035648
1037148516601221121
1036951496875761664
1035748898755760128
1034856746953662465
1034835819046088705
1034811375883837440
1034181474881294336
1032751100947034112
1032317859169558528
1029351815849107456
1029042431902343169
1024771286889848836
1023993124136181761
1023219840071426048
1022847637979049984
1021781707450667011
1019980353417678848
1019581996383776769
1017806229324881920
1017532162210443265
1015393816583593985
1015327164550537218
1011234114828210176
1009801036528222209
1009127204079489024
1007669801601458179
1007667303289368576
1007426389107249152
1005577473592086530
1005540217741303809
1005494734582714369
1005157248434343936
1004831562758795265
1004402108102250496
1001930226299998208
999360140330618880
999351462684700674
999296618389221377
999055899405799424
996821093146120192
989502850765148160
988428854070054912
986266874496389120
986246312449462272
986245436888485888
984776957069012992
984776812621332480
984580557429493760
984559191435169793
984556694285021184
981610410607628289
976935457417302017
976842028263800833
976771315423154177
976557557820030981
975865364524552193
974277070879633409
974038632339263489
967029117404229635
963151526821793792
961981018763874309
960898548886884352
954364993859981313
951111463439097858
949332843880222721
949036963516047360
948567156526141440
948567155620175878
948567153804042244
948567150943449088
939233667951611904
938878896753258496
925748905991720961
925362853766418432
925106814911504384
923650532459339776
923270000215035905
922880109236727809
920737328922021890
918543464584962048
918168495308902402
916350131229818880
913419117352374277
913083531026411521
912329597764669441
910966039441297408
907591303575293952
907590997793759232
907319183234535424
894919584884699136
890578826840993792
890578697589334017
885122218648367104
883019715882303488
879391155930189825
877944777865646080
877497396061761537
873233985421295616
873212999267430400
870381068041498624
867841316922810368
867772637602349057
867424411363749888
865569400304349186
865564571150372864
860214103968817153
860213889098797059
849740233226817536
847805557939601409
844246078220328960
843957189823905792
842765844824363008
841679285714849792
841357069282340868
840902916147957760
839478455381200896
839478106813566976
836627477686534144
836610599811432450
836229155209555968
833743948879450113
833717844332380163
833704322303143939
833700978230718465
832271678956781575
829423924408487936
827185809518387200
827162842801516544
825038104075579392
745723960990531584
744963053297475584
743128590213120002
742357554848747520
740529448177553408
739835557891690496
736194242628980737
735190283739107328
735128529562652672
732938612791185408
732642232193409024
731192868363239424
731169586175971328
725767792260186112
725348148646952960
722539180413333506
722526185020907520
720744675271950336
720743206376357889
720740569610383362
712656474909106176
588457185539002368
588456729718861824
588047810253234176
587998216911773697
587981918148386816
587614379295780865
586534279099875329
583373162202689536
580366256659939330
580073494827966464
576381118250889216
572891977223700481
572502293372936192
572164858084515841
571847595741609984
571039543924817920
570970908585816064
570953122748768256
570638526435471361
570623393554411521
570277608484700160
568781411391549440
565198383586246656
563091777805357056
563089416085069824
562274623258382337
560167771267661824
560099010502230017
560086957569896449
560086801579536384
558660536146358273
1131199047673503744
1129528243193810944
1129113428973502465
1128711806703345664
1146416937574031362
1144364578039635969
1144268041016025089
1144266780308905985
1131908678045585408
1131908673821921281
1131747371161923584
1131539470040354821
729775756784603140
728228206210371585
725059899240140800
724662257456693248
724597693620838401
720983361020424197
720296100087791616
712657865136279552
708042808314241025
704722319067975680
699617101280079877
694600133246349319
688080909728350208
687733022259548160
687325983649755136
687315014378717184
687246732414062593
685501426957705216
684879137799073794
684878787981475840
684873522485837825
684824079900213248
677259149189627905
677151932901928960
676406840750682112
675033431013765120
675021766318792704
671736408428687360
667718617467912192
664103034012770304
659811539587829760
659790746631843840
659102042468786176
659098104986279936
659033271758667776
658670065009709056
658636597798293504
657617162996228096
657289256927428608
657247293591175172
657247099424215040
657240450294784000
657208107400110081
656912798027489281
655109175396192257
651455728486625281
650000390944108545
649223367598452736
648974316072255489
648920543828295680
648890800550621184
648875018793959425
648127154748788736
647397756601020416
646701375108345856
646384912711290880
646374897619464192
642403564128727040
642342135619035136
639359781896069120
638722574462095360
638715859859582976
636188535683444736
633744537375019008
629743712063651840
629657232666456065
629657194649264128
629103937774329856
626076816923586561
621428706083491842
621427678000861184
621417120828624896
618448302359621634
618422938061144064
617422388716806145
614465618524438529
614091144943792128
614089321684049920
613809995667369984
613797041697869824
613796471142543360
613795918689792000
610869298500927488
610801981142212608
608287790850260992
608000658529259520
606865622023192576
606180483832115200
605783495563083779
601008257075904512
598481407799914496
597832182313398272
596310455880196096
595237434201382912
593430791713067008
593119677628420097
593053780452745217
593050759849205760
591663774882488321
589111647077294080
565977313452769280
565224834666606593
563088724616294401
562621468354564096
560210000619266048
558347457386790913
558320720556867586
1174315001718484994
1173624746682060807
1172199826236354561
1109826495994834949
1109232108315312128
1109130484334907393
1108826606011932672
1108730865243353089
1108453219678732288
