1093551896776921088
1113942631178960896
1190777080730050560
1101583072934481922
1100428184582004736
1204437916749107205
1203727876627062785
1203411605117132806
1203010039109341194
1202779121916481537
1202753066929401858
1202644975437127681
1202354121464057857
1237547146414395392
1237414732098830336
1235674339338579968
1093894580301369344
1093613635245613057
1093187634866896897
1092990203697004544
1092985476582133760
1092539628542926848
1092538872993599488
1133730087709417472
1232770877747597313
1232699142700400648
1231995660058185729
1230969559592493056
1191408346215137280
1189602784288608257
1189548259255209984
1098722108996272129
1098714022348607488
1098282728246657024
1097857408188203010
1123347689918402561
1129477641856274434
1128780207878483968
1245335779657822210
1243951618825035776
1128314172318593024
1127991787161837568
1127582364018802689
1126619524420308992
1092536024385888259
1098626025792176130
1097915222889820167
1093551898270011392
1092857719424512000
1092556490039271428
1092549450143277056
1122977216604852224
1122629163616129024
1121845682019631104
1121787380221059072
1121406233666367488
1121237321729433601
1129474557604179968
1129474162731507714
1128780386077675520
1237846236859756544
1237688641264259073
1237560975588380675
1237509267634061313
1237505975575285766
1235732012134096897
1123308147366612997
1101226141912846337
1100493488884465664
1131892758988447744
1131354562533756928
1130956000528392202
1130564806493257729
1130481286357901314
1130472365870276608
1133722581687820288
1133372160850964480
1131952500221857793
1131929672231641088
1209210339197440002
1209210338366935042
1209210315117871106
1209210310206402560
1209168418110357509
1209168395826028545
1209137548838264833
1209137543641550848
1209130715650150402
1208876762626691073
1208113709534646272
1207737430180282373
1207684121557917696
1207410456538832909
1207410178733281280
1181630474495639552
1181226623699505153
1179794832518238208
1179767246299844610
1201634829911150592
1201624602830659590
1200042818883989510
1189397440442589184
1189397111223324678
1188916934244552704
1187755585636392961
1247596985017864192
1246092388008853507
1197565495626653699
1241834265580638210
1241064266591080448
1241029297768476672
1151151321719943170
1150111908617445376
1149691182055903235
1093322075345952769
1093266117819154433
1092887485967929349
1092859046540034049
1092547524588646401
1092545036871438336
1092539127462092800
1238088053303934977
1237849430918721537
1237770104022204416
1235934660183478272
1187356435476336640
1122920284946874368
1093928652872527872
1093543475218391041
1093320417836785664
1092808415477485569
1092539380571561986
1095727795727159296
1094990100696567808
1094747866151731201
1129514636129263617
1129378810686840838
1128745378139004928
1097987409491447809
1238077567913074688
1141341845211009024
1141341746217017344
1139288929952251905
1139258822353195010
1138909295754514433
1098295358361350144
1098251969041358848
1115628039755399168
1115389128319930370
1114295377262329856
1113836823510495232
1113599998829244416
1191826954632257538
1191826953604665345
1191826952413499393
1191826943466971137
1191522866573037568
1191413420249235456
1189966947397574656
1123414417918582786
1123298137102331905
1121240576693866496
1209289549349867524
1209210337465110528
1209210335850307585
1209210335049256960
1209210313884798984
1209168437664272386
1209168432719179779
1209168424913506304
1209168416399142915
1209168414868148224
1209168394534236160
1209137558388707328
1208876748726767618
1207824222044733449
1207756830841229312
1138876034550513666
1242897517123186688
1181684037473189888
1181683403361521664
1181543110637043713
1181341475084361729
1181329222792630273
1180155615928356864
1179450899602841600
1242174364772155392
1241820090804379654
1241780759087677440
1241780756617273345
1241375115557974017
1241090125372817408
1240999741523210240
1240980041930080256
1181968651634786305
1181917053906771968
1181212246694912000
1179812764044451840
1179517497898344449
1179485913438724101
1189327444588802050
1188252736904667136
1187533074831171585
1187468580885020672
1187431933229391872
1187147395513094144
1187106801759739904
1247596740645212165
1245373609452937218
1181968652310106113
1181906543186530305
1181654733406253056
1181579036415463424
1181287228514824192
1181192816246034433
1180108014365351936
1179721420567388160
1247582643706900482
1247552136000557059
1246211865648250881
1188882388882984960
1187726009237417984
1187532584282214405
1187466848633348096
1101146742005862401
1100383691845570560
1099093089094983681
1096167570816815104
1096138005377499136
1096097488409382912
1237876452806111232
1237846205817704450
1237807802019655683
1237560969896677376
1237459764319260677
1237095240420462594
1096167568354754560
1096073102881181698
1095084337358204928
1095041598595960832
1133405823185620993
1131592299404824577
1131260470831329280
1101481400681803776
1100857605751214082
1100795692216406017
1100526650947719169
1100509304870895616
1100424311700107264
1162044183345078272
1209210339939762177
1209210336710189057
1209210334105546753
1209210332322897921
1209210325402300416
1209210319911968768
1209168438964436993
1209168418810798082
1209137564734676994
1209137553758150662
1209132331648397315
1209131651491651584
1209131650451492874
1209131057267826694
1209130719861202945
1209130718091251713
1209130717369815040
1207796000984883201
1140618823764238336
1139677568947408902
1139209126507110400
1139204615839334407
1139178877669056513
1138922437981220864
1207761104333688832
1207756866434060290
1207487262163951616
1207428426333859843
1209210333186994181
1209210331089842176
1209210311821217794
1209168429116219392
1209168419884609537
1209168417246371843
1209168398279696393
1209168397050765313
1209137563245645830
1209132330687827968
1209132329773477888
1209130719022325766
1209130704312950785
1181906652691406848
1242847149370544128
1242211189079322624
1241523042699878402
1241088087347920896
1150867213311774720
1149339061322211328
1150812179861594112
1141101738264580101
1138941442825621505
1138941441319809029
1162395291569610759
1242134885034348549
1242083064253120513
1241899783570284545
1241064201923289089
1241035567690809344
1240762496102936576
1240711015068811264
1258382649393139713
1258082196088410112
1258047741592309760
1257808261648199680
1233013434402443264
1230754520927371264
1230753498788061185
1127586972594311168
1126961662106509312
1126559703117463558
1219259969067012100
1218988569949360129
1217831149671723010
1217587819415310337
1179425167157714946
1179143572202938369
1179056002190192642
1177271431387865088
1177256084316327936
1258423729757061120
1258415480223735808
1257808245130956800
1204454024851922944
1203411682481053699
1202694452386713602
1202677182054780935
1120701327212990466
1120390609473298432
1114632517603274754
1113564602036563970
1113534134230581249
1189606252554444800
1096433130569908230
1095737253530345474
1095478343967952898
1095331373500518400
1164033539911880704
1163854267008081922
1163581798133182466
1109951957840596992
1109099494891769859
1120790953634168839
1118530800536948741
1117879164546142208
1116319455544598528
1216077316041904128
1215722764268646400
1214987048416956422
1173984184467111936
1120820022321057793
1214952190604918784
1214952188386127872
1214657758932418561
1214364782003965953
1213098238573723649
1213098234299764745
1193919176911544326
1193919173543518208
1192911118538289153
1192829342524547072
1191826956406394882
1252710970176286720
1252711208001712128
1173267275794788355
1172225968360083456
1172214532917403648
1172178006380445696
1116048915437162501
1115987014292258816
1107976660534657026
1135659984522547201
1135654634922622976
1135653457162067969
1135648690914451456
1135590752271163398
1151495654847520768
1151204612231323648
1149794997073526784
1149748472196804609
1217109048291741696
1216370211563155457
1215442990925303808
1215351535242293249
1215027928993538049
1247934719733399554
1247933487421808641
1247900511631626241
1247596387530874880
1165001150300676096
1164900627274784769
1164289427209949184
1164258774103797761
1171117519425429504
1169585986550059010
1169312916778229761
1245034963780751371
1245004514643652608
1243664392652292097
1104069387601014784
1103278706959794176
1103048716372623363
1139256347235704833
1138929251728678919
1193919179184857090
1192435326628839425
1138462077738266626
1138211377745674240
1136965951163904000
1136843038242697222
1136842935327051782
1136757205062103042
1179400832095342593
1179112225426100226
1179108903998623744
1177576765616787456
1177318071356317696
1235577747310882819
1235294204445810689
1234940132983279618
1234908947645173767
1234849359742799872
1233084201588711424
1196456198272421889
1195431910169808896
1193993165889507328
1258073493264089090
1258040972300169216
1257808263783100416
1257808252324249600
1257808249862184963
1257757129684987905
1255953861182926848
1117783668414656512
1193919178018893827
1193919175753895936
1193919174688563200
1192919555204665344
1192197603389267969
1218933584356171783
1217806377793486850
1217509250756435970
1217489118143434760
1258426116915826688
1258386914694045696
1258383792554852353
1165724960465346560
1136246293695778816
1135654587476717568
1133815463841095681
1171787241770967040
1171515144964165633
1216370128214011905
1216361196263297024
1216001593809809410
1215656758464712707
1215086049732562945
1215074829470257152
1215037756386267136
1104045321586462722
1103779112898973698
1102968226978451458
1102568448570417152
1101927008068616192
1215032853676937216
1093533257348665344
1093144282192580608
1092994547574018048
1092984680004177924
1092890089158574080
1092539750869880838
1092539482568577025
1092538942942003202
1092453991412367360
1092405507049037824
1108713673231618049
1107996166329905152
1172559357097250816
1171883396815081473
1136288782901288966
1135997925362978816
1135902667128168448
1135688434864009218
1135655763479879681
1135652727483260929
1135612938679701505
1135561601115987970
1134473956445044736
1134262286129029120
1217440603144957953
1217440602037669888
1217099120319647744
1216901732720152576
1216423921655873537
1216406361401184257
1216370119053578242
1216007240609603584
1215655748216246272
1173948197548568577
1172229383844716546
1172225969718988801
1172225967210795009
1172225964765536258
1195100188039417856
1257808262608584705
1257808248348041216
1256363057011478529
1179145531890835467
1179068919086084096
1179058009110122504
1178702881609977856
1178653068428300288
1176996104275144705
1171776329437589504
1171525472020074499
1171456619038687232
1170821934763913219
1217934708757139456
1217840413316460548
1103342912400777216
1103047334311673856
1102937566955950081
1102639483403624450
1102396585181364224
1102396328422883329
1126465899484143617
1235007285467975680
1233824820338593798
1164651854900400128
1164197617724735488
1138813805578915841
1138128365376946176
1136654068196286464
1136307993224654849
1233034626987327490
1232711324230193152
1232379939149799426
1231960626186084357
1231655135006351360
1231650544407760897
1231595253142036481
1230887417890119686
1157267896688611328
1156962116764655616
1156657935357026306
1218988570893045761
1217937301227102219
1217801117549154304
1195072353300078598
1194981115632721920
1258072128198512641
1257703960460361728
1138840591343804416
1256568292623482880
1138811540881182720
1116440285058347009
1116115431188770816
1204777960831692800
1202968460470321157
1227723418591809544
1227628314296307713
1226694272298242049
1158346607542362112
1157784951917596672
1156958834499493888
1156951556736147457
1156913664823365632
1253720265365880832
1109923421918515200
1107690659551559681
1107628010914615296
1146406546529800193
1145707006021513216
1144698883978813440
1144294816156725248
1144276685019369473
1144255952037847041
1232296141238218753
1232295928775745536
1230969452516102144
1128324615871303681
1128315515636781062
1127585149930098690
1126511135316774912
1126248808336297984
1126210978373427200
1235604761577230338
1235007093507321857
1234561765515628548
1234504607121969152
1137004084714659842
1157279843458977793
1156939087171002368
1156650379347730432
1215394820132417536
1215370271647059968
1215022496161947648
1173953050798710784
1173598061077155840
1172225965973495808
1172225963754700800
1172211317438111744
1171876726047215616
1211690450396028929
1211690449607577602
1211690441915207681
1196592010834202624
1164900722623885318
1128080893925576704
1127542526418800640
1126256745930797058
1202264504966565888
1202063094924685312
1104075954882789376
1103813731929255936
1103017661288595462
1102702804202864642
1102583920011431938
1201958317586866176
1235235491689181184
1234875074790010880
1233841897099137024
1233108392362889218
1251156869843791877
1137055608266473472
1136641068185903104
1135996011392983040
1135652278164176896
1135010758469804033
1133761950624694272
1216769725537095680
1214984814748741632
1252710339537444864
1252707582881476610
1252702649440505857
1252373034708561920
1214365365645512705
1213098237646782465
1214622855146754051
1214368608366841856
1214364115428360192
1213098236354990080
1138086339151355906
1138084219706662912
1137009117439172609
1136419179832238080
989136867848318976
989112718585221121
988769528531255296
988523293396406272
986237658006507520
984554104792977409
984454375723630592
984432103864569856
984136953502330881
983700817076281344
981879618583048192
981206895896793088
981132492429250560
979709660650463232
977670255391715333
976963693182373890
976941920936185856
976923419731222528
976923418762375168
976923415964737537
976468916653510662
976462734996000768
976130103594967040
975805819768930305
975370837565018113
975358250798518272
975207597962866688
974652656936521728
973955596423696386
973940019143602177
973939932896088064
973937563068223488
973535908191498240
971547615279177728
971057916617748480
971024154433646593
970708697193295872
968607325350227974
968574882035458048
968287841494163461
968259941252333568
967236540660436992
965995390058233856
964934757254606849
963063951666958344
961842594639523841
961805606897164289
961759242607890432
961742381405163520
961736282530607106
961354364467195904
960960538477060097
959996865801605120
959457640496672773
959214218041061376
958727654500458497
956927831317106689
955899659129704449
955873530624671745
954419598517923841
954410050226966528
954068662905864193
954052244646891520
953388953889067008
953372298819534848
952615611229790211
951887631356395521
951528124730179585
951306713491279872
951154005878738944
951114472797687810
950956990536278016
950416480545406979
949687519171547137
949679284314169344
949001475174354945
948947244140679172
911218525800419328
910876052746129408
910867741543927808
910560405352779776
910539287023759360
910526330558713858
910254676922310656
910252836675624961
909776620038316032
908738194295984128
907931631498997761
907755235183153153
907755185744859141
907755159803002880
907730365854478339
907687554396418049
907384647700676608
907377653493223426
907372450714812416
906172299749019648
906172279574364161
905098536718618624
905050350050271233
904170259241947138
903314807289466880
902326078257192960
902185039999401984
902142333529018368
899660381081227264
898206848679120896
897552741928546305
897516281095704577
895643546698616832
895284620278845444
894589546087804928
894566672237047808
894558448431628289
892723769793548288
892328497246601216
892018960106999808
890769842487382017
890741240874102784
890562000446738433
890559096516222976
890365500399775744
890361126374043648
890359251297869824
890005235896385536
889861263857266692
889860285993025537
888389391193960449
888212051226767360
888188534049394688
887111205961289731
886952129298128896
886582009048567808
885163557045891072
884775388408410114
884775330640220163
880231554517258241
880050588783964161
880027647744651264
870406597142564873
869204606798245888
868447462423441408
867820898648195072
867802982343168001
867404356978704384
867132345534623744
864894689140502529
864838567356506112
864505425709998080
864108152219987968
863175327027220481
860539219781070848
860480504168165378
860462292386938881
860216507569229827
859754931938635777
857667826819248128
857623416186302464
856983915931873280
856980669167173634
856566450575876096
855154855673040898
854462606349914112
854361910199930882
854351672738553857
851236364251279361
850369169514168320
850365000015392768
850357780238172161
850299422575648768
850012148130611200
849705070006611968
849239093284397056
849026507741835265
848940890236256260
846472923426762752
846024638576676864
845376735747194881
844960597057966081
844925878966595584
844652965889818624
844524382529748992
1253671361748389889
1252948221678292994
843825544466780160
843182147838066688
842502387973677056
842167184772239360
842070280214327299
842070258773045252
842032146076299264
841987097338753024
841795074530902016
841419802031845377
841355256273502208
840941452549062656
840941382495830019
840935806894276609
840915069374455810
839236459953602561
837764922247376901
837764536895737857
837764057335750656
837763686232166400
837372884267970561
836771654130941953
836768379780345856
836696429947142145
836395707137462273
836395315452325888
836395273714810883
836258481325948934
835477699527393281
834787500728123392
834603397894512640
834154297046790144
834043999073734656
833311343444791296
832667559832924160
831937941316435970
831937577200521218
831935185390276615
831934296596291584
1144328757358018560
1143990764277575681
1113149793373708289
1113070933424705537
1112823302983221250
831934113439502342
831554383460651008
829687829433298945
829098128150249472
828957303831482368
826825082492354561
824706644680568832
823688092028719112
823598672491450370
822440790182006786
821714875869265920
821400875700809728
821392187422285824
821044236200120320
820436703542444033
818868282040217601
818500279062691840
818488478392586242
818463000051011584
817507518477987840
817472201905545221
817432510015635457
817431638414131201
817200078821724160
817130121580728320
817104931345887235
816755319271518208
816753589406302208
815993837814419457
812391487837237248
812379930801700865
812378534085853188
812375635016421376
812373077355012096
812357045366226944
812318465184907266
812316019385663488
812273484915150848
811593040133496832
811268619334275072
809516852774899712
809462548286144512
809126173632565249
809078997330067456
808995538435710976
808292639900631040
807974584603574272
807953303887904768
807953151001174016
806114002678022145
803786058328637440
1144614332443111426
1144385377081405441
1156992454001905664
1156653227980533760
1156624077609689088
794937793168441345
794905842273419264
793959852645253121
793959448146575360
776564800654565376
758750368545247232
758412917033275392
758077714100264960
756551041500508161
754124662062264320
754121269700722689
754043202722603009
753937153130950656
753600962598670336
751872937729355776
750120446025170944
750046295629426688
750043544140775425
749986630824554496
749981890975789056
749981305455206400
748529877473701889
748236499473268736
747580338566664192
746139131772796928
746078795078180864
746022695175852032
746021615150964736
746020978451451904
746012942295044097
746012927128375298
746005129183268864
745254382879465472
744922815783018496
744898558717886464
744191141231345665
743908804727812096
743494609771298818
743479847129751552
743445133690048512
743445096197144581
743068298451910656
742735485324427264
742023788456517632
741335574053847040
740996904742440960
1227975800928063490
1227729892747419652
1226270717232254977
1226265345549316097
1227729905212850177
1227729895796748288
1227729894408433665
1227729885633957888
1227719996656230406
1227683199423254529
1225860325976805378
1202242566365859841
1202236595992174593
1201955465565003776
1201944436558696448
1201933583172198408
1199047278792790016
1197528408303054855
1254133640822435840
1253748476493680641
1214701106988797953
1214701106061819909
1214671665931718656
1214240597910990849
1213285902929272833
1159082648570073088
1158472626047782913
1156679857172111360
1156643719854137344
1211690448772829184
1211690444977033217
1211690443408367618
1211690442611445760
1209537536261054465
1211798210458669058
1211690447866880000
1211690447019683840
1211690446063312903
1211690444201037826
1209936693199024128
1227983501057839105
1227729907142316032
1227572859654082560
1227350208561995778
1227295653694447621
1226264080861802498
1226198145371168770
1212385466512752640
1213098235147014144
1240350604653887489
1240306931803316224
1240306814383788034
1240305584701874180
1240305258213105666
1240275570287677440
1239668302412165122
1239609919881519108
1238218553788162050
1145707032521203722
1144037333534150656
1144022787981500417
1212152523798257664
1183382024226328579
1184206348881399808
1184157586318397441
1184090325700222977
1182338353892663300
1181968653362835457
1184296270539743232
1182358484806975494
1255886760657203207
1255884812944125952
1255148983619473413
1253405933650219009
1229564437356564487
1228690459465220096
1228407643921899520
1228308926334033920
1228081161890492418
1144624739190632448
1144611089742741504
1154545680649605120
1230306532820041728
1228765379192733696
1228755893799419904
1228368055144574977
1228113122294222848
1228061532514324480
1230318591192387584
1228867524910964738
1228766495880040448
1228397359308181505
1228161179866013696
1228159879325548545
1153279594553892866
1228051908574810113
1184465424114765825
1182429729992990720
1182263922709188608
1156593861923418112
1156588201374560263
1154484140764327936
1156595180465618944
1156594559612309505
1156234642330214401
1154970702979772416
1154734545616420864
1156594045667479552
1154434918660935682
1154080050213478402
1085713800978939904
1085698071617523712
1085673240469663745
1085644267609944066
1085600177682071552
1083419443059937281
1083039065954496512
1082722566555480064
1082274437691596800
1081583325893005313
1081218352700362754
1080872638132748288
1080659301918744577
1080590790706057217
1080482589176152065
1078133468129882112
1077289475586314243
1076931337670590464
1076928061717839879
1076928059209601024
1076928055631843330
1076928053178191872
1076928052477726720
1076928050481246211
1076915857324994560
1076915852371472384
1076520456407183360
1076272022651658240
1075208893268156416
1074687973889900544
1074671937039818757
1073669253063155713
1073636435553603584
1073315403017920512
1072929122735792129
1072867000534200321
1072599600735944705
1072509378031435783
1072249874928820224
1071067729132748800
1070673310579654656
1070519694040465408
1070354471581028353
1069999667994345473
1069998647297880064
1068636922149552128
1068257810520186880
1067909835440775168
1067562463032459264
1067161023625474048
1067107907530039296
943928711451168768
943890093345050625
943850666975481856
943203332927172609
940386924677812224
940378847689797632
940366615778091008
936851271339802624
936783096707366912
931271822036865025
930471538985455616
930104436705447937
928387112512126977
925509588799115265
925414868215390208
923995889777201152
923162807432105984
922981646646771712
922890531708874752
922880592211054593
1124672970033471489
1123606455364595714
1183382087501516800
1182725487581388805
1182664543580905474
1184297988547665920
1184137338622021633
1228054950871261208
1186026351532232704
1186002012501991424
1185343347117834240
1228010977012199424
1156568156594409473
1154434897873952768
1154424699667062784
1110987950605680642
1110987232893120512
1110917224565534721
1110881920680947712
1110668074598977536
1110549883424047104
1110278458251333632
1110275560486391809
1110272135921061889
1186752590329077766
1185274322769895424
1184914414140641282
1184491011189293061
1220044346373877761
1220039639098105856
1249669809404510208
1249466204487475200
1249306018460381184
1249066890011586561
1248277820893286401
1224449832363814912
1223633704943325185
1223314714140323841
1088495156846837764
1087821043283226630
1087734317168627712
1087399107977728000
1087349246322491392
1086829330561409029
1086444325393686528
1085892101378695168
1064205824850038784
1064191594549714944
1064179494930563072
1063258869789589504
1063112778469269505
1063085975373537281
1062357455806566400
1062342763927216128
1060957804691779584
1059495912144363520
1057276979936980992
1055815292872466432
1055173464586362887
1055136929417703424
1054519857671294976
1054481226239803393
1054465065741619201
1052938348518670337
1052903228508200960
1052588557913722880
1052303668769447936
1050479467074859009
1050174602478084096
1050167625353977862
1050129816735899648
1049670019314012160
1049025123058143232
1048291676886847494
1048266143625072640
1047934509260464130
1047647192184487936
1045722355769774087
1044988693591797767
1044957018199609344
1044928074935140353
1042913349628043264
1042035755038781440
1041737890236129280
1040604618814894080
1040230368660672512
1039555065873399809
1039503781573128192
1038057800423927809
1037749781215563778
1037390315773218816
1037060450171736066
1037035585561665538
1035179526270140417
1034460402850168832
1033002194679853057
1032710516509163523
1032296767604379648
1031925214286950401
1030549607577792513
1030100903301455874
1030092879195242497
1029711202375684096
1029445768678199298
1029418416132816897
1029371549005094914
1029349817670094848
1029094073045532672
1029038626552856577
1027233245358895104
1027186813587337216
1026811445973897216
1024023075971584000
1023956363792269312
1023956362781499393
1023956361787449344
1023236087731367937
1022926177990860801
1022854670384095235
1022831986187161601
1022211062291156992
1022105103711518721
1021753704255553536
1021471169399132162
1021471167205576705
1021359930387902466
1020067212739203073
1019977631268261888
1019699135925161986
1019676182571372544
1019606340837179392
1019573196251648000
1019381026127216641
1019029347167031301
1018984582157357056
1018946214082080768
1018880564609409030
1018840865450659841
1017547156201320451
1017533018104266752
1017107533591433220
1016489038595940353
1016357596796768256
1016348250683699200
1014477931173666817
1014161074151620608
1012077381262217216
1011984495375994880
1011624409575165957
1008724546030112768
1007677376489230336
1007308411984384000
1007009072678359040
1006943998097928193
1006185312203177984
1004736349155536896
1004511020231077888
1004491097517821952
1001920138717908992
997138557297979393
997128968712130560
997127623917604866
997126439077019648
997124781261623296
997118052293644288
997116267273351168
994281477297836032
993876450737623040
992421495195557888
991650135254978560
990316480695857152
989581909033472001
989511079641395200
989218635729264642
962726640529936389
962726031093305346
961855513678893056
961840969317457920
961783114262630400
961753152692342784
961748990533537792
961742008917397504
961738621685510144
961717967313620992
960895891799445504
948556776387072000
948276999428112386
946386020915744768
945427644698460160
944629769924116480
944626353088942080
944625182085349376
944608465770745857
944593960567279617
944591891185700864
944589200208355328
944587936854618112
944587713625382914
943524240581709824
943222830682005507
942865078168276992
942817048618512384
941772758727516161
941053306566250496
940371547465900033
940366731385729024
940227378390986752
938817006429720576
921152922028838912
921139767823208449
919665416162697217
919184413279342594
918837204042043393
918600878340427776
918422866336583682
917775982681083904
917123643909558272
916342490655088640
916342260593315842
915785754604957696
915612093071622144
913753701751431169
913753144634626050
913433267789058049
913153303688744961
913147381503455233
913053678684246016
912778984336891904
912555810689110016
912430607027892226
912339205510098944
911223769196322817
911218613725614081
910883918353719296
910232496738009088
909809295474257920
908747507118768129
907999945843789824
907931686360547328
1222577308407648262
1222200588378820613
1220765098723201024
887780594670862341
887695195998998528
887687262460424192
887671722916409347
887425974492684288
885885718161129473
885814049535127552
885455134754562048
884814043273461761
882943660647747584
882582086141583360
880401401662369794
879722812772159488
879340427425591296
878201649084325888
877278386758070277
877269020126437376
875495339108823044
875169751307341825
874695618127638530
874658454282977281
874636791097286656
874636431045660672
874635429726887941
872101347021250560
871843862817501187
871731857494298625
839966802922856449
837763771665907713
837734317979754497
837661133028933632
836920913199259648
836682962699698176
803573504700456960
802916286942441472
800746785950023680
799644685417545729
798890407086133248
798605716923682817
798575124408659968
798556605851856896
797864568865378304
796458819354234881
795800049229897728
795691348271697920
795691342517194752
795674251831418881
795652163653529600
795379454298255360
794977694744268800
793963764265742336
793956379476115457
793888566803894272
793888504438779904
792482510877827073
791408790507749376
791005028806959104
791000441677021184
790966912289271808
790667346201501697
789897838700494848
788441828823535616
788426764284469248
787393210326716416
786496521558786048
786028243900100608
785963531518742529
785941187198935040
785910702187900928
785864813037625344
785576669574815744
785529384312664068
783377915098595329
783340250915598337
783299903191560192
783299820190433280
783092607882784768
782952899861020676
782917317957185538
781162232067530752
780762212394790912
780579433392508933
779384129519484928
779376128330989569
779310172288212992
778989101202673665
778674898172600320
778674598393044992
778661667001499648
778589320349356032
778020937551650817
777947873203806208
777597032643067904
777503899574005760
777305764285276161
776877173005221892
776806828529287168
776565013955932161
775802832947740673
774608081607163904
774338631729291265
774302895390937088
773861897527492608
773849741062971392
771918520212938753
771781322322931712
771751616882020352
770371004803743748
770292858632937472
769141530980388864
768871791578189824
767804462501068800
767785667128619013
766637972502577152
766329593674489856
765951937955192836
765926446275633153
765239173330702336
764259006647066624
764129983551930368
764128395080896512
763765679266918401
763429622541352960
763429553154953216
763375257097043968
762870948739424258
761957233198505984
761719468854763520
761577466695737344
760107002513285120
759191046546948096
757762386422067200
757310272654671874
756177038617276416
755447588858437633
748195312607498240
748138103928426496
746428191015731200
1153428069740417026
1152297336388894720
1152217827664904192
1152214855740526593
1151534219027460097
1091173548431949825
1175114904795262977
1142413066069524484
1142192252950917121
1142135739884462083
1141708920131596289
1106272487158022145
1106259752781271042
1105863338272194570
1105213493106696196
1104180009164509185
1176891897186594816
1176136248488013824
1175100836990607361
1175041488809365504
1143601875561959425
1141833553912696832
1141762774760079360
1141361588793946112
1106212053814050816
1105970846303162373
1176839007344480257
1176657210874744832
1175137265888190466
1174692441540169733
1143879057316163584
1143282483821273088
1142058011835416576
1106188324836950016
1105970489321758720
1105488258958528512
1168990330462625792
1167239934043918336
1159218349739560961
1168940590291214336
1167148108494585856
1161620607039148034
1161327555779149824
1159445709952880645
1168930843617832962
1167220742724956161
1166798394045739009
1161335178842771461
1159306264373059585
1159178641886076929
1207065594664816640
1207065449558622208
1207009586110246912
1206971535791144962
1206970367765598210
1206970366045958144
1206970066740355072
1206969908740931586
1206969645225435136
1204779433141387265
1166475012330655744
1160998285697572873
1160909020464631809
1160902464369045505
1159121453561733121
1207082388645437440
1207046898957373440
1207044428050960391
1206970366909911041
1206965739346911232
1206228871005310976
1205530679292944385
1207099293821259777
1206971536734900226
1206969643086340096
1206330451268382721
1206228828063973377
1204913204578656256
1204827477962563584
1206969907839152129
1206969644181082119
1206252902362370048
1207295167570620416
1207065490054668289
1206970067814146049
1206969646395604992
1206708145713754114
1206330452111503361
1206321996801462273
1205133910155431936
1204862113589714944
1147863848340398082
1174379844290977793
1174136970240569350
1143916879871954945
1143266714903355392
1142132199053045760
1141424529799077896
1105887640879022080
1105819694546718720
1105809057716281344
1105461752471437313
1105451924856492032
1105099600883576832
1149002663415222277
1148942746415181824
1147150244775378945
1146788413011615744
1146766560448655360
1146701116844982272
1146418579929272320
740967900325023744
740296821659045888
740203061671567361
740190295149645824
739863605970010112
738692545954385920
738691814169907200
738395279729262592
737729495575171073
735167953432399872
734792720418537472
734733716992462848
734495535135133697
733781552514093056
733413423879323648
733348912979939332
733335281374355456
733287330757349380
733019455098376192
733018692754276352
732594385695735808
732581568909348864
732537221283254272
732537156745433088
731153642435321856
730379341528469504
730161821659860992
730145249679577088
728252781149179904
727844364680990720
727556517369634816
727202497190748160
727182624859500545
726569354767134721
726463682805260289
726440376471568384
725345787299942401
724973228272177152
724611872071159808
724601124033060864
723315392760954880
723285864332296195
722879165914083328
722858044061712385
722526857879490561
722055407934533632
721486719208579072
720981258013130756
720673033640415232
732573137733332992
732351305130348544
731890645359562756
731544430981861377
730442552151658497
728989060002418690
727888057236660225
727590809021853696
1088531635841261569
1087538101881372672
1086293618158129152
1148683309553213441
1148683209317724166
1148258878326530049
1085885768998899713
1085697457999228928
1085254734251020294
1083472276878774274
1082722213256744960
1082659133801811968
1082650225364344832
1082396009802665984
1080125008708620288
1079923389584805889
1077552004413771777
1076928067287822338
1076928066583171073
1076928053710856193
1076928051651452930
1076928047641751553
1076915862613815296
1076915859141132288
1076874950093492226
1076824663794294784
1076824659562246144
1076625246134956032
1075419723486191618
1075413915180384256
1075228740962070528
1075043006162632704
1073377964744736769
1073366579696558080
1073313445460746241
1071145545538961408
1070522208957681664
1070450185761906689
1070384193086124033
1067839134897709056
1067529679228284928
1067169464498749440
1067047875857797122
1065385545533190144
1065014901935083521
1065000518404268038
1064880797168123904
1064683804802146304
1064184402178179072
1063147489019211776
1063134260452884481
1063131827429347335
1063087054060486656
1062754881843421190
1062738227570860033
1062725821155172353
1060957179501572097
1060541507231461376
1059461222393888768
1058484731820630016
1058377985450000386
1058083122162614272
1057971735318929411
1057422967230095367
1057367505101037571
1056334264369901568
1055870712127389696
1054839145498099718
1054757976567889920
1053629043201990656
1053617843827302402
1053617776798130176
1053617774185140226
1053323347273097217
1053022869985390592
1052563086144626688
1052254295259795457
1051997718019747840
1051821416570658817
1051562416142733315
1051271048052781056
1051197350834831360
1050123504069345280
1050045944555888640
1049283142912303104
1049283010384809984
1048992353824980992
1047636868613980160
1046816006096781323
1042806366216368128
1042514885677072385
1042425193153658880
1041846772509888515
1039625615220060160
1039216858761711617
1037375756308045824
1035247965869355009
1033520480706285570
1032750691813675008
1032278521236873217
1030517276431327237
1030478106535120896
1029030506980098051
1028981287107932161
1027993130140872704
1025479743393673217
1023956360793391104
1023956358809440257
1023956357727305728
1023956356766855168
1022210199745122304
1021764252888182784
1021359932795482112
1021072265956405249
1018881495744811008
1018588858617909248
1018489495241527299
1018487887095005184
1088148042321199110
1088133573046136832
1088076689312235522
1087416691984875521
1086381468899786753
1085923393357131777
1085895327318794241
1016757248977260544
1016748379479650304
1016700241754673152
1015357596591644672
1014855883862441984
1011653700534890497
1011629767257415681
1009906641364574209
1009513581166120960
1009413818064220160
1009076275775000576
1007293227496628224
1004100598147571712
1004100340231401472
1004027181851439105
1004001482411298816
1003993656959930368
1002578608718835712
999995247559168000
999402023639506944
999323108212436993
999306374554284032
999066215644573696
997455087999029248
997122709741035523
997121861136809984
997121090848788480
997119128820477952
997115757577277441
997115456451502080
997113462298939393
1085890707066417152
996860229907369985
1085625002215514112
996512590498074624
996501000105144325
1085300320555753476
995015120458829824
992421314811121664
1083416677797240834
992101926320902145
1080837576242745344
992042577770803200
1080531251499622401
992041322277163009
991681690887163905
1080462703888687104
991649641644068865
990339621396582400
1080165678823456770
989589784766173185
989521812466872320
989147558277677056
1077214684313538561
1076971339255332864
1076928065228410880
1076928064574115840
1076928063059963908
1076928062376284160
1076928058375000064
1076928057657692160
1076928056294551554
1076928054956572672
1076928048522579968
1076915864153264128
1076915855479459845
1076915854338609152
1076875403233542145
1076869608697720837
1076869131511697408
1076868697728434176
1076858486015836161
1076824661856579590
1076824661114138624
1076271508484435968
1076223196473556992
1075907047378571266
1075854093195927552
1075743829242851329
1075449984881999872
1075032364156375040
1073708585035751425
1073641471415369729
1073574651140497408
1073325388393340928
1073325369791537152
1073234094308450304
1072146747378544640
1071237895435051008
1070374564364984320
1069974181545197568
1069969008030564353
1069628498434768897
1068266064394493954
1067906106746376192
1067439624698691584
1067415519010144260
1067074260424904705
988765128899416064
988522673721561088
988475888906985472
988386489875816448
987337761224052738
986004757201457159
984504065504751616
984475851021570054
984055550186049536
981337821461057536
978298062035673088
977531927849852934
976973231767937024
976963051508420608
976949562005966848
976941915517210624
976941914091065345
976923420855238656
976916521929895937
976909056127455234
976909053870911488
976821614905094144
976483276037787648
976471000148795393
976174591864377350
975358249305296897
975358244771201024
975358241570947074
975354591327014913
974246837422120961
974003810053115905
973955593395494912
973944864663572480
973939927875452928
971859789759303680
971494889690222592
971425777827840000
971387422016667648
971028120206741504
970794745248337921
970771734969413635
969027012613550081
968673110047252480
968531573086801922
1065345852506558466
1064978272960811008
1064183896345141249
1064144379953250305
1063417293470932998
1063100317972262919
1062897515463356418
1062800743936208898
1062381895558803457
1060190575645863938
1058353187445444608
1058145262911344640
1058072547638591490
1057677048267923456
1057030678750134272
1056399493934075904
1054721689253240833
1054406835380330497
1054406697471672320
1054060847729987584
1054001192215498752
1053995777540980736
1053617831470923777
1052726575710527488
1052547909378629632
1051257032072982529
1050498692145442818
1050360736919236608
1050116307373490177
1050003139909308418
1049653454753488902
1048276635164839937
1048211219155472384
1047647571844517888
1047634029384794112
1047224807539068929
1046848197992370176
1046838479198588929
1045664950960697345
1045354150752649222
963184384823132160
963121170034974720
962822203824893952
962682140872859648
1088435032224616448
962050628406005761
1087708579153481728
961855590174568448
1087038785769099264
961807509437612033
1086273346583564288
961795779072528385
961795088992145408
961759311176314880
961744171873853440
961724043383754754
961721346190389248
961719580103270402
960959746776993792
960915352560586752
959507558133362690
959429701986078720
959213836195811328
959055343434256384
958867928060977152
958747391695441926
958135116982837248
957799687272189955
954490462328541185
954053773629980675
1045056834132946946
1044988711354724356
1040256553889218561
1039589430829506560
1039224466277105664
1039216592993890307
1037038204204011522
1035600570390859776
1035599129404170240
1035179520935043074
1034117262939176961
1032723262336376833
1032652954623516672
1031974657547792384
1031942543813029888
1031701143926259713
1030541057824645120
1030468283055722497
1030161541457436672
1025449629398253569
1024758720071393282
953402445396430849
1024292071220305921
953389414742413312
1023956359816065024
953388530398629889
1023921035320717313
952554946834116610
1023906600585764865
951895189093867520
1021764391430180864
951447406679351296
1021749537269051392
951115408987353089
1019656487772278784
950812154566934531
1019381087699701762
950566395955302402
1018486471467130880
950043020237459456
949009344091344901
948940178005135362
948938989087723520
1085681039865982976
1085199244116586497
1083416165672722433
1081263665024778241
1080941258682568709
1080530023784898560
1076928067967377409
1076928065895391232
1076928063814942721
1076928060937654272
1076928042616918017
1076915863364796416
1076915860403613696
1076875405737508865
1076858464863956998
1076824663114829826
1076824662527672320
1076824657729384448
1075788921320148992
1075775845120204800
1074292858457415681
1073316654803750912
1073262010115203073
1073013361816887301
1072856502724149250
1072647110481330177
1072628940513165312
1072516563679490049
1072175036197453824
1071791969465188352
1070849025757327360
1070384216041504771
1070072583058546688
1070027349071147008
1069222288678109185
1068202351889129473
1068151714312871937
1067915147187052545
1067891681733877774
1067485025267064834
1018477141229490176
1017104257345081351
1016761522205413377
1016758695512956928
1016728854050820096
1013837969256603650
1013808432019886081
1011984496953094145
1011629745224802305
1009548728204759040
1009167075171078144
1008721332836675585
1007700941938855937
1007002165720899584
948904637628895232
1006990263246606337
948360009947209736
1006943977852071938
948346614246264834
1006888252211593216
948333081051705344
1005259853533728768
948311685462241280
1005259752899842048
948278243735621637
1005172864469880833
948199884703838210
1004427786465968129
947901093081690112
1004100251542843392
944628772472541184
1004027126318862337
944627213881741312
1002225892414971905
944626698892562432
1002009130238906371
944625113865117696
1000082226082734080
944624455636127744
999772962424225792
944593120473374720
999758388585222144
944592875379150848
998373064843898880
944591068041015296
997504644833333250
944590330166431745
997468484803186689
944589559316340736
997161109810368513
943902281707216896
997146995818156034
943636718057607168
997120371655692288
943145203090776064
997120015571804160
941809201470492678
997116981861142529
941368997798440961
997115455167975424
941052899332907008
997114226064936965
940701793922711554
996846072160051201
940694105763479553
996790111252688896
940369344814632960
996065360070799360
938449499806150656
994928447507107842
936783164424445952
993994242694447104
935934019098656768
993921145941479425
935910530321182720
992400886239498240
935910490798247936
992059958832324608
935910462230843393
989898534991417344
931563786850504709
989625512879382529
930472221755281411
930217511588716544
928409155228065793
927200367590412288
926179801857253376
925747198893191168
925451865852141568
925406757563887616
925111544559566850
925003318295957505
923535392774778880
923272165398646795
922908161941692416
1065031682997305346
1065017966994042880
1064978275187998728
1064978271106940932
1064978268154138630
1064920807401553922
1064893087212859392
1064586300173488129
1064518885133692929
1064208523960168448
1064207031027081218
1063518359101296641
1063171072298807297
1063145155954388998
1063101662154248198
1063086346179407872
1063086009842368512
1063085965496012802
1062829956009521153
1062824002568241152
1062769357930020865
1062482758520442880
1061666912168538114
1060228945134657537
1059843012208009220
1058029000768004096
1057637409461100544
1057346402769125376
1057314059580776449
1056932852405858305
1055097261703790592
1055082077073354752
1054367880115077120
1054086840901423105
1054034524286279681
1053638837283491843
1053459718641983488
1052988352406925314
1052631606358360069
1052600192506179584
1052274446319452161
1052216843262484480
1051821333426970624
1050918038432813057
1050825539857076224
1050452685655343105
1050226294137528320
1050051828073795585
1048996225352126464
1048319919576797185
1047514799670792193
1047163545513877506
1046855433015713793
989144779006136322
988523054404861955
988440616395792384
986369073025085440
986016873270607873
985593089556451328
985527010385649664
984522129159933952
984454720298323973
981969713415835648
981585677304426497
981203171078037504
979710166512951306
979010067923197952
978330000796585984
976995271694569475
976973237941886977
976973233252655104
976973226604744706
976949547170713600
976949545954398208
976941922399997953
976941918390243328
976941917010382848
976924813234237443
976923417508278272
922517904477868033
976921095768084480
921123564698394626
976916524157063168
920718443728588800
976909057343787009
920629876054544384
976836636779728896
920313994434564097
976821258917765120
920313968677347329
976646879390916609
920313945314988032
976611826766110720
920300892871589889
976467750720851968
918568539958796288
976457671254708224
918558910969204737
975759936738201601
918519411794997248
975693803234480130
918119662159876096
975364558826164224
917865118087729152
975361971058077698
917720153068011521
975135258134876165
915929027130601472
974996777077178370
915695870871527425
974078593188982785
915695580671815680
973955597728088067
915660420693848065
973213825662095360
915231062258790400
972210351218614278
914999782548152320
972137794335395840
914835631188189184
971878450733731846
913436349490958336
971358477242290176
913118784956846080
969328992011644928
913017973543194625
969212155135496192
913017870296154112
968231563925311490
912976249278095360
968219220562599937
912695281233383424
965950730082365440
912442389725351936
964491634770620416
964140535110914048
963534444899524613
912438657080061953
912315081081450496
911630587299065856
911392683389841409
910478982046502912
910233129369128960
908739000424435712
908712867100282883
908695433890983936
908006803312660480
907755152723124224
1045048616669376516
1044596281413455872
1044578428379377664
1044261260265758721
1041663251061374977
1040304726947102720
1040271738741907458
1039924296578211840
1039520378085883904
1039256578841554945
1039188314958573568
1039148089670549504
1037809992529793024
1035600592796889089
1035533589633527810
1034795660485304320
1034418681919537152
1034070730860838912
1033704261127995392
1032734620146655232
1032715028753985536
1032349681320382465
1031681818335092736
1126172353669554176
1031681777646096386
1030569804770566146
1030503359541899265
1125802130667986946
1030210844775333890
1030192853274832897
1125384744932388864
1030175476940242946
1029840623875121156
1029786855812816896
1124292274727346176
1029057193319059456
1029008069357981696
1123959548321193986
1028640667105472512
1027181617524219904
1026476236221161474
1026446034392829952
1025196144295587846
1025008865488896000
1024695941243326465
1021791878663090177
1021753658059440128
1021533131168538624
1021519844129337345
1021516467794309122
1019920118598590464
1019381055034462208
1019029210835378177
1018951052958322688
1018898440988831744
1018540681743216642
1018479048304025600
907692812262666240
907691499214778368
907395903799136256
907395756449058816
907372072531357696
907222094039183361
962060754173140992
905852586426720256
961852823993401345
905833511826935808
961844693867745280
905797929411207168
961821526176575489
902948585129508864
961773103805353984
902897198052106240
961769918227152897
902185628590379008
961759491254611969
902185345655201792
961753301611098112
902184919979438081
961738576802304000
900359281379123200
961736567592312834
899998115297624065
961703080197873666
898565970934939649
961056732855365633
896093047116582912
960961774492311552
896045285650182145
959037424470056960
896014551594000388
956989295738458112
895719443573207040
956538193511362561
895688277818306560
955845161036238849
895651670935429120
955577079818579968
894648716170231808
954423044482707456
894626581322366976
954115145655050241
893446498398220288
954098968442687489
892442818391801856
953720208526598144
892174008329940992
953392043300216832
892050266694053889
951819288087801856
892032699778682880
951463885474758658
892028164020604928
951457726529527808
890811167182012416
951433495783624704
890656330838454272
951306107670138880
890654282864656386
951177046843158529
890563756350214144
951165680191201280
890561858385711104
951090573666078721
890555594712723456
950785377153028096
890554547122425856
949043745806266368
890416829465755648
948958352851308544
890327720466546689
890199276948729856
890004239061327873
889861140590862336
889860844011614209
889860695864614919
889808005298089984
889487258390339584
1222918876004044800
1222883158305202176
1221089823999635456
1220717605343965188
1220044726407176192
1017828056780759040
1017441442401275904
1016761183985176576
1016737058306568192
1016348237849137152
1014219829090365440
1011687223916449797
1011621952858083329
1011370528433758209
1009928450524762112
1009131821500641280
1007288874412978176
1006317843011514369
1006189595174887424
1005190647396085761
1004490806571528194
1003635474781622274
1001557149150048261
1001449186666123266
999680848445214720
999403560579235840
998954801403781122
998552841882042372
998552814421991424
998552803952996354
997593138637234178
997137496365588480
997136984958296067
997136490323955712
997122891471904771
997121649446146048
997120880668037124
997118979473846272
997118595023982592
997117667675901955
996859703975202819
996854784861855744
994948806033788928
994038965920464897
993517323024773122
993459729618931712
991733016132313089
888211950819323906
888106055728746496
888071284923531264
888069891181477888
888014944364572672
888010889659633664
888010613833830400
887834882466033668
887458272277671936
887314899130626048
887306787824816131
886979692737245185
886931802132275202
886581966317002752
886577364909555713
885910884433973249
885882613948440577
988523697886711808
986765004656562177
986633056114167809
986315989980729344
986219048789774337
985890255629967360
885492266147729411
984484927755472896
885168642681446402
984392779680886786
885135112244998145
984270841784520705
880751723899387908
948277000698986497
984067120416940032
880047135034683392
944803092624760833
984066721228165120
880040642679910401
944629498485538817
982247105719775233
879810516117532672
944628848418807809
981145127166103553
878977507403476992
944628296200880131
979422423190769666
877997557686849537
944627498905677824
979390535285735424
877638636866420736
944626908838363136
978298298523058178
877278518643761152
944626169135222784
977901727134470144
876878644567789570
944625665583865856
977524719376269317
875469920963833856
944624853319061504
977181041017479168
874671583889174529
944594707958697984
977017997855526912
874671570962309120
944594274280202240
976973236192841728
874671551492366337
944593539291336705
976973235215634433
874663068718051329
944592766218199040
976941912283377665
874635298994618369
944588406838976523
976941907933847553
874634919208775680
944549127521734656
976916525797052418
874433134900719616
944548919241072640
976799945104732160
874356192579137539
944379936495857665
976654222879019008
872087316000583681
943980506588295169
976653262182080512
943863637353156609
976545731560595457
943852014055944192
976482134406950913
943358279601872896
976466955812163586
943144124210966529
976126964435218432
941715199765172226
975870911638319104
941382066360475650
941052012657020928
940701554495098882
940633423164698626
940372474398638080
940368520063475719
939186501769973760
938079855391977472
936840334918610944
936642086182453248
935985267390996486
935527200861900801
930471715964178432
928358296267960326
925839465440047104
925725023922507776
925026081882689537
924945691335708672
923972986570530816
923935785367277568
923162781117009920
975861141766275078
975362206291374080
975358246809632769
974825802977239040
974377545763311617
973955595039539200
973716814806044672
971039858918641664
968225303956000768
968136040648249344
967414147951529985
967236451707518981
966751939747811329
870406268627951616
870367472700055552
870351150620585990
868516678983929856
867779634879975425
867497110379343873
865642624387997698
865229279050833922
865214288654454786
863130622516244480
862670257265283073
862287939623059456
860222800862302209
859114425361600512
858014117185114117
857009021219471360
855900799410597891
855420855228276736
854716817260118016
854405349876666368
854094858704875522
852509243953512449
852197136909434881
922462957740740609
852169944183840769
921869134136270854
851033920367976448
921443410602536960
850420108304547845
921349433501077504
850369181069570048
921130316093448192
850369017806286849
921089792997318657
850368424123432964
921065897950961665
850161856589246464
920991255382908928
849792436754935809
920308149613219840
849026513941012480
920307764609667077
847485846907486208
919900884406063104
846510642278338560
918893880304717826
846510233065279488
918599860777037824
845413605222862850
918559187931500544
845054173196554240
918545476605050881
918519557391822848
918203244169572352
917096805644603392
915286519161802753
914928161498046464
913135458040864768
912857110827937797
912411105007472642
911946816807227392
911196927626235904
911192779908370433
910605420015898626
910593172992032769
910540154179289089
910527280262336512
910526613942624256
910479497190879234
910233383330041857
909889708523737088
909777187217330177
909776871411392512
909776281847386112
908836198369628160
908793833198161921
908737325768769537
908699086005702656
908476098182336513
907997362508922880
907970227576737792
844526204233416705
844523845260398593
844520962980745217
963151996042731520
962070010586779653
961809677330800640
961807192364953604
961785726617735169
961746761722335232
961741327305191425
961740583395057664
961738462041989122
961737028818915329
961719533768765441
961348370517327873
960964094768623616
960961126988177408
960592161996791813
960529067647946754
959226948458336256
959088590348341248
958804848463548417
958336683824615424
958017819626688513
956531430414274560
955080099879112704
954395305298006016
953807082377154560
953369499243302912
953360642160910336
952933510146338816
951495411981803520
951222920159813633
951165664156422144
951115356860493825
951115320458203136
950956763129483264
950520091732512770
950477446100475904
949850835852382208
949304152248803329
949068696013557760
949043617674522624
844300213896581120
842167532643573761
842167423340019712
842070201059422216
841670993659756544
841615230622924800
840932978180182019
840290136214687745
839850549847687169
839447937633628160
839236633320906752
839173076759740416
839145144498728960
839144858958839809
839144682554867712
839144449728983041
838875744453464064
837763304860827649
837720878922235904
837688554306351104
1125839011057213440
837688390506119168
1125503150515990529
837419980958404609
1124754193288450048
837324105028366336
1124130272570695681
837323588407607297
1124038048549933057
837323085153972224
1123996227773829120
836765806616850437
836763359013916673
836762624029310976
836690207093243905
836395925589340162
836385173046505472
836360968313659392
836258227809632259
835962998023933953
834425081292058625
834043237400768512
833375050011131904
833374885296664577
832684697889099780
832630577815748608
832291043018145795
831984070942978049
831956422053265416
831937126149275650
831935635258822660
831935103295246348
831934644572606466
907690962373275650
907689959133515776
907608235737264128
907396121454137344
907372583959625728
907250193522929664
906190881522417664
905839454954422272
905420280625078274
905098449800097792
905098321840283650
903714657638240256
903314882086494208
902885462674739200
902639865275305984
902500111879634944
902272572582227972
899784583046213632
897911471912488961
897096298649853952
896000062785896449
895753512948310016
895643043256205314
895301497122107392
894672390222905344
893453634310213632
893446309180567553
893135768641830913
892775008883400706
892039806989074432
890958912433860608
890731464333168642
890630879562801153
890580804237230080
890563606563229697
890562302205980672
890561203998797825
890560359895007233
890559050835951616
890557498658349056
890556928929091584
890319136122974209
890189951660425219
889933721205395457
889860464355811328
889529767162241024
889509844981559300
889487192866816000
948597427359174656
948567759759331328
948312450457395200
948312374213271555
948309542961426432
948278246285742080
948278238077423622
1112754812645453824
948277001890263040
947695830433173504
946115449653288960
945328221092016128
944627051285401600
944626525495857153
944625334388961280
944594517088522242
944593625597599745
944593360475578368
944592531500797954
944588995996024835
944588801086812161
944588112516272129
944548783035121669
943964100597637120
943864332777086976
943849634979549184
943577220987138049
943143831846957056
942891373379940353
942832430045593600
941130689713463297
940983204156248064
940701619087437825
940639780911665153
940373937225117697
940371513420734464
940366757033922561
936822425521496066
936322676217516033
935910223205883905
935558956000448513
935248886867873793
935173144544981001
933899298374373381
933770115337748480
933348996646621184
930313489826140161
923746399497400320
922981548252639232
922890749288636416
1222613492215304195
831933866336251904
1221916810586607618
1221099565711003648
1221099532919955462
831889353915891712
1220755236228190209
831271396881858560
831230059839123457
831212882591379456
826597399372111875
826597175304081412
826085440075743232
824697281026936841
822095450379583488
821514185658003458
820025772610113536
819300911679963136
818977426101456897
818922479590797313
818614840352772096
818521584889724928
817937448206499840
817200038237601793
817043244089479168
816756267016392704
816691146860675072
816325417707700228
814109219792228352
813102707863093249
812383047496646656
812379005877964800
812378196117168133
812377735733637120
812375215112077312
812371593095680000
812361208053563393
812320853262237698
812320107972141056
812317077130412033
809960138580852736
809819020744658945
809760587488129024
809470543372099585
809079035233968128
809057001934389249
804373145679437825
803761195274485760
888211820145725442
888048118054498305
888028390099386369
887677330939924480
887334200457797633
887136558805110786
887017959855665155
886981701305499648
886582047959130113
886577388477394945
885991690057781248
885991666414440448
885909628793606144
885492137588084741
885485579827326977
885173971632652293
885168499995402241
884775357609644032
884775318011211776
883098605384593408
882584635045236737
880752077613518849
880083749593075712
880042914998562817
879810378397569024
879722290308681729
878966403281412096
878947448437256192
878713827822632960
877949955322781696
877949780009271296
876792689756430336
875562508299325440
875183289107185664
874724439107272705
874664974282608640
874638854166388736
874636611643990016
874635671683682304
874635613496016897
874634735284359168
874633631507107840
874633388174585856
872061225995313152
922880538129641472
921168908194893824
920314007617228800
920308298020216832
918570291416223745
918519512118562816
918474934468403200
918203147562160128
917852708249395200
914823091586510848
913786934803288064
913123888959193088
913107734094127114
912438505208500225
912411428753113089
912007464010297344
911193005578752000
910994135691284480
910974160624656384
910947212921798659
910914267720900609
910883640032276482
910622584923926528
910317143811612672
910232889052286978
910229154590806018
910196122936856576
909930564400091137
908719617929039872
908675484493516800
908375305089404928
908068317256196096
907998544254169088
907755660036722689
803739868241149952
803318353507090433
801529789999906816
801092489339932672
800368278149492740
799341917565841410
798605755591036930
796471209491910658
796389434941902848
796221958371295232
795763031963791364
795723669435777024
795698407667040257
795630926709592067
795397020525756416
795002923893882884
794957792390107137
794527089810636800
793983656364834816
793957683586068480
870364527363330048
870314222537846784
868107959741624320
867395263664730112
867131616585539588
864870119691792385
864870074431279104
793931274809466881
793474184043257857
864664489534398465
793460028581687296
864505414326657024
793249131389214721
792133010976022528
864197054570037253
791706949347905536
791651486950383616
791644938437963776
863100144308367361
790996041344704513
789257386414354432
862400022033334273
788730500718424064
788110526500917249
788035975360417792
787786579557421056
862301139513073664
862301104264151044
862283774977069060
1124368085622960131
860482401109258242
860216007192981506
857605329546354689
856935419010842624
856923556210507776
855563499304570887
855445839124234240
855132379815583744
854794644256903168
854345014427648005
854301539678265344
852479155476320261
851067533759307779
850372010236674048
850368375062749184
850158184102846464
850084077533368321
849989858647056385
849649077050634241
849359423915134977
849288455997841410
848641200286552064
847620849494401026
846471452694138884
844620270279233537
844611919155728384
844524989114204161
844522070868316162
844497911283138561
844347534604718080
907697143418408960
907376346535485440
907375019981930501
907372346461376515
907372260742373379
907371923100913664
907371631072497667
907270512908406785
907238679537700864
906497865404571648
906172314361978881
787049193126957056
905815367754416129
786638927675392004
905473457382612992
786613097473515521
902994580236374016
786561869062504448
902939739539611648
786283804201746432
902185868743643136
785646127492116480
900722869293809664
785613890038079488
899969410466709504
785491412661985280
899756050592653312
785272351906734080
898565882577797120
784474493129461760
898186983608119297
783410827303018496
896151963204698112
783299922661564416
895004553959137280
783286429522591744
893452548220350464
783286345443651584
893152393063432192
783284661040582656
892171072006762496
783276042198786048
892171046471839749
783045744638984193
892167411172036609
782550695220277248
890811091667697665
781596728164225030
890770074738593792
780597705886150657
890770015061979137
780591118777982976
890671625883967488
780584687949471744
890585712470446081
780581590267289602
890563541727670272
780579983144128512
890563010351288321
780576061214035969
890560605886795776
780573428654956544
890559848257073152
780571334292242434
890378202325151745
780506202295963648
890319329560072192
780482420466454529
890313368757841921
779403351981232129
889990460579745792
779383944215232512
779289742261252096
778950886001414144
778779385302282240
778677096486801408
889974667548786689
778676251485736960
778676063484411905
889489972939632640
778675393574346753
778675271486545920
778675026547576832
778661856814723073
778589348681900033
778589331183300608
778589297066860544
778214944366063616
778199387990286336
777239863632338945
776902603036700672
776877622097772544
776856947018625024
776574373926961152
776564756199202816
776564726780362753
776564508592525312
776561647175467008
776551752795615232
888404067717918720
1221935749655859202
1221915707543379970
1220904917726003202
1220755993061183488
1220726334055501826
844310144406212608
842032156780187649
841615843180052480
841614590433742848
841354673378480128
841313207352455169
840243178846507009
839965682506797056
839145045928329216
838872358689591296
838534214056361989
838513171153448962
837765323021512705
837688170674327554
837353071541948416
837352017144266752
837345592590348288
837324196913025025
837323943174369284
836769312266469378
836315247841579010
836314119489859585
834443904904753153
834431220322861056
834404885407920129
833690954230009856
833374765788327942
832993496747372544
832610784194736130
831995923563692032
831989575069401090
831954459081244672
831936916547313666
831936904669048832
831935306400223243
888087692130516997
888069823028178944
888051072358600704
888028406025265153
888008834169671683
887748375172571136
887436046765608961
887265339796578304
885574059249074176
884814076395835392
884413536780386306
881490771429511169
880179705118371840
880050580193812480
879755971391885313
879357224702836736
878380659500359681
877997628041998337
877949615525515270
877257147603705857
874997915567214593
874703143342419968
874678894766551040
874671599257083905
874663191594323972
874663145733795844
874637949777915904
874636396010582017
874635952580423681
874635108891938816
874633883957985281
874281119679729665
872848870857945089
871847700446285824
871746926781149185
775356897054556160
774769930352877568
774646955880419328
774309887685918720
774226417211076608
773996670141038592
773621279035273216
773492636510523393
773193510249955328
773148489467518976
772453593198784513
771727060775690240
770973638711443456
770584405358227456
768954549172334592
768945154015232000
768795012721152000
768167752322387968
767712341412679680
766755246865575936
766241337033326592
764668216425717760
764206849281392640
1113465143717969920
764206501028323328
1113457876901736448
764206461564092416
1113451986215677952
764128519714643969
1113446911657357318
764075388775522308
1112828913422618626
763842789373276160
1111663656809480193
763736663931707392
763427667991531520
763351732105732097
763186184801640453
763165169555951616
763049711980863488
762021898062557184
762002703027408896
761957203528089600
761935116805533696
761737742011228160
761294768160858115
761249664989597696
761208579567345664
830121800352800769
828625073267433473
826855846466506757
826429287532224514
826422286886412289
826205585272164358
822912777815752706
822596854072348674
821757617114677250
819740662719512576
819357714363150338
819290542395768837
819232933227724805
818586740277526532
818586079485956097
818584675081916421
818556995842220032
817130496996024325
816995752648069120
816803227048038400
816727864196419586
812807277308682240
812391560772026368
812391504304107520
812381342835101696
812381174928654337
812380654457470977
812376009223901184
812373657733435393
812359825044672512
812358595811639296
812355419381309441
812319337675714560
812273487914082304
810475005066825728
809051410348343297
808797860301049856
807953554048741378
806180562402766848
805785690269224960
804400928153604098
804148179939762176
803761206263771137
870406200579559425
870364139184697347
869565767259492355
867843439462940673
867820936208240643
867413445003681792
867186236439621634
866649771414519808
865382355778904064
865382278586871808
862321152546545666
862289377405394944
862288956137852929
862288640793358338
860605699939807232
860516853596266496
857296088218337284
857279659196723200
857230715141935105
856650233496948739
854380455403171840
852171544394694656
852170403908915200
851438151071649795
850368979663282176
850368455492685824
850161531094523906
850161484013481984
850057769520701441
849263790847913984
847500974499516417
846510309758177280
846378239551569920
845602192786644992
845354994203328513
845354395206402048
844614592684867585
844596636244434944
844536201809940481
758750306368753664
844523488413175809
758694438659063808
758479964404527104
758432307749457920
758374521325903872
758314589494935552
757981501535481856
757907578504568833
756252702598979586
756105419781607425
755518404451110912
755511531828285441
753223059700494340
752549193315651585
751195386610585601
750881908687458304
750810159627239424
750810078652104704
750651997855113216
750435753436545024
750385886345433089
750385734318694400
750050046092185600
750047491761004544
750045990204342272
750045474179121153
750044331373895681
749989824657055744
749985445380034560
749978100839186433
749977953010851840
748921970604052480
748236563662970883
748187307698700288
746176931033284608
746098064931360768
746022759973683200
746001715862863872
744587618327867393
744555465539989504
744191129739005952
743809705147916289
743494694622068736
743494632894513152
743494531484639232
743480463503691776
742708169802010624
742510752163090433
742368223140675584
742358297639030784
803358294316355584
802492982020702208
799295707874283522
796722402851954696
796357521552343041
796353816698515456
795733341295312896
795691294785945600
795672800216358912
795601021435346944
794965096120328193
794905799902556162
794595560527425536
794573748359794692
794179222205911044
793963073719640064
793961366285590532
793929663714164736
793888600379236352
793814233800597504
793809602756349952
793809465732718593
793577306459631629
793519575077888004
793080001788776448
792395592311922688
791279210253787138
790919111303958528
790551571864035328
790337630571487232
790228150554914820
789585494623547392
789474039865671681
788882437451292672
788724973607059460
788358869689008128
788040738038747136
787834663859580928
787834574613180416
787731977986273280
787681799669440516
787442629856329729
844300458017607680
843470323139956737
842032135175315456
842011954998870016
841615584144039937
841614877982638080
840941412027887616
840323691644932096
839965330260840451
839884239256580098
839811594632769536
839567259064537100
839508492973133830
839243059296628738
839144581266567169
839105959918190592
839102196318932993
838533992290856961
837824550117203968
837764200739008516
837739649003098112
837709026418900995
837696207392804868
837696040551735297
837694764694798339
837437095916539904
837376803589222400
837352823255887873
837323732372897792
837323371234930688
837323239454040065
836748945682493440
836384727418404874
835534351144214528
834749354204344320
834053041477320704
832626298870591488
832619886782382080
740955654492413952
740630436469178368
740624168136409089
740623426570866690
740331169233797120
740296196196044800
739939914695868420
739865648755396608
739813865425240064
739551602671919104
738727209599275009
738692343864426496
738504303170719744
738453159069122561
737637608675774466
737262378144825345
736336081482842112
736299320060878848
736213255329329152
735911513572020225
735839628192780288
735572263089668096
735170263222910976
734891196590346240
734195236843491329
733757370774528001
733757320061149184
733010782347104256
732956658595463168
732920615963918336
732579807888867333
832256533169836033
732579424592396289
831997707355041792
732573225448800256
732573199116951552
732573132532375553
732537205814611970
731489026855800838
731207359280877568
731117306089066496
730755664939622401
730733668738699264
730524104344899585
730522123253460993
730410948746448896
730048005802463234
730011651550814208
730009950454435840
730009593850568704
729773573552914432
729702369923977217
729659917888557057
728562529983729664
728281450869592064
787333594255503360
786712724080386052
786211163742801920
786196444612923392
785256832453505024
785243057532862464
784740758834249729
784469013715947521
784466968657223681
784465027776540672
784412296055549952
784037228431433728
783676870147518464
783305172374155264
783284758172299264
783284715096776704
783284585232818176
1113457031321739264
781494230132875264
781107347464781828
780592714878447616
780577438241816576
780576246883192833
780435205848834048
780390664882253824
779383910413299712
779333031286956033
779004703531237377
778676451507863552
778676349850488832
778675522524020736
778674720875110400
778674473155395584
778674368599687170
778639142154489857
778574257324302337
778298857205731332
778206416171626496
778198801941168128
777861413939343360
777122411363856384
776564604260405249
776053123622264832
831934122587279364
831933584667791365
831895342413180930
831893207659249665
829097110419152899
829068518171803648
828747606322933760
828719728990502913
826597459044483073
826490253007482882
825026185147080704
824355303873531918
823685837476995072
822287740431716352
822098789079126017
821714592732762112
821364297058152448
820638854424182784
819977572515778561
819389256686850048
818976410094239744
818460686133133312
817557831683608576
817073669981802497
816821781197651970
816787999753195520
816751090221858818
816663471924346880
816636828598018048
816292183917596672
812394768642830336
812378724859580416
812376775170883584
812376599882567681
812374630891683840
812373363767263233
812360495336398848
812317882684153857
812317637631950848
811947242731016192
811271267382870017
810888738465337345
806970795893194752
804826502932103168
804772919679258624
727491841638170624
727155425288671232
727130811820974080
726431294037594113
726051811006779392
725844605392982016
725726053390393344
725419004324507648
725297215925706752
725069372889378822
724959894634414080
724595315672801280
724294959315095557
723582804655788032
723484345667821568
723135819066802177
722927605125492737
722905403797872640
722772850038435840
722527100847198208
722447188719243264
722096103282216960
721768304248025088
720977439007076352
720946024475398144
775760283499454464
775680575260667904
775383112171782144
775315096612503552
774787775669399552
774309840885776385
774019650656964608
773922852798099456
773244921406976000
771781359685734400
771781336919080960
771460121092300800
770683968245100544
770403209739317248
770269804607311873
768463360753012736
768074017291046912
766351664274178048
766327431905042432
765997824345509888
765917053760962560
765902532803698689
765898488764850177
765555957971771392
765287850120212480
765191271543627777
764636895850721280
764467033975160832
763894332361441280
763894313352921088
763830177348616192
763451587612246016
763083318896238592
762413884942802944
762021735680110597
762006155178741760
761941672473272320
761932687963750400
761366764915654656
760957567564713984
758751697606877184
758751689893515266
803652636193001472
801877347809030146
801425941809479680
800368309686321152
799287532047319040
798631667275472896
798583363661627392
798526368061366272
798513082486038528
798255523313356800
797157090401914880
796350502736957440
796171380198965255
796142756410298368
795969055781888000
795789572785455108
795759463328202752
795755809221345282
795744297249374208
795702081772367872
795698246064685056
795678460677124098
795669648066875392
795633185241632768
795335046626480128
795334840690286592
794907853928693761
794571440435691520
793964170660184065
793960256716021760
793910787660218372
793888514203156480
793545448074149888
793244867187081217
792412404286124032
792403453997903873
792020016094908417
791991939998547968
791649772063035392
791649756787474432
791406370998321152
790729290631569409
790271059459248133
789972691365142528
789901803345285120
789139570465976320
788838860381884417
788789832625586176
788492152909225985
788492138279428096
788427564708691969
787834532129112064
787770027999125505
787711994992402432
758749691139989504
758681495225700352
758374337049202688
758336068571828225
758279510433423360
758010399413370880
757967787658731524
757656420930187265
755985803369668608
755856436605911040
755819537208078336
755786386222055424
755768721797447684
755490853716684800
754160861044801537
754122875964039169
754121288382226433
754119605048651776
752494278174179329
751088143814754304
750387327189585920
750049823282323461
750048133569191941
749989573460127744
749988404826439680
749977753613631488
749616805275197440
748541614751158272
748186330509742080
748141360025305089
746042777348218881
746042282428731392
746022114042478592
745677861965676544
745606241163030528
743494651995389953
743494461490139136
743483250765594624
743150225158774784
742368202588618752
741358215535964160
741335531766833152
741262011833671684
786964047048630272
786237315446370304
786226968731668480
784474432446328833
784470853597659137
784464907366432768
784432398771650560
784108547684634624
784031463884939264
783790585043791872
783104064351526912
783044626701770752
782714160681459712
782701355144208384
782670030534283265
782669946048438272
781986841176125440
781912674590416896
780593254995791872
780585106176180224
780582996768333824
780578348401647616
780571553268396032
780571150229311488
779445846400233472
779387798587576320
778798802237067264
778676941914148866
778676840093343744
778676591412994048
778661677478862852
778661672470839296
778589366813859840
778589286388076544
778379238286118912
778299587656286208
778194069885509632
777995769051832320
776942589262135300
776566769246928896
776565850509836288
740916396780032000
740916396213841920
740916208158056448
740916188713254916
740539108091662336
740312750434324480
740274491012452352
740190342570516481
740190263491104768
738027301850472448
736985631444873216
736585185676955648
736575171369291776
736575150280314880
736163298748432384
735943032621666304
735524739016491009
734031723994984448
733757417360592896
733757405515898883
733757385836269568
733757275400241152
733757266269200384
733662319448707074
733626582787444736
733473065749778433
733349012552683520
733322836799041538
732712739508871168
732537256318238720
732286144583499777
732216121156378624
730893438095216641
730831981156700160
730161852219559936
730079419184746497
729331407630249984
728588155369205760
728225339965607936
728214637540478978
728200095490027520
727938391011147779
727852996307079168
727659513239748609
727633826629955584
774978153232101377
774343052886437888
774019766751203328
774013883316998144
773942497764581376
773878284220305408
773492748901113856
771867837577191424
771703858972229632
770365479571468288
769570475857088513
768796016011247616
768790252458614784
768779646053806080
768562289033162753
768549541196988417
768412395261661185
768076623677644802
766645202308259840
766617155462889472
766350597423529984
766338988290502656
766331244493832193
766328800913330176
766274362613772288
766057866914660353
765946769976987648
765899539698032640
765236578348331008
765165017100652544
764847917853093889
764553532599070721
764206513221210112
764064354077597702
763931484860231680
763929528318046208
763829313133244416
763451675919212544
763352610791387136
763341361647067137
763114141666123776
763047261504999429
762986868183031808
762771103576166400
762639645033324544
762021831259947008
761751164362878977
761612551335636992
760558712843034624
760471079647182850
760248908769439744
759003544385052673
758750415349571585
727474617141489664
727239380469870592
727190833183776768
727185522620268546
727184554671378432
726846074040754176
726730909920141313
726076398801018880
725770563159883776
725704837699084288
724755155795730432
724621102731923456
723507442915643393
723136987985629185
722877918440005632
722765166639759360
722582106602397696
722394446252412928
722135993760030721
722104038540636160
721094687327678466
721012440343965696
720752452476268547
720750180308512768
720626835353182208
758721738272280578
758685547325980672
758078381074317314
756587392811663361
755814660193017856
755732607770308608
754907282035486720
754124060817141760
753591766587146240
753322511081803780
752862556008554497
750670213650067456
750652187081117696
750470382545620992
750387172952444929
750386494683156480
750386074606825472
750385961532555264
750049647121530880
750047102454132736
750046696407719937
749987923584516097
749985050033287169
748639732767268864
748264893380452353
748237593150627840
747791739226828800
747548288308568065
747393657133760512
746402773466550272
746022715396595712
746012633254469632
746012299555708930
744983096819392512
744942018552565761
743494511914016770
743479666887909381
743447936734945281
743117823740809216
742481364851658753
741749510192410624
741343995624726530
740969035739828225
740968253284069377
740313892119662592
739093206068039680
737988763138314240
737674029507698688
735951921664696321
735911083781722114
735629260124127232
735490727573127168
735482587997577217
735275107602423808
735274555032248322
735088788142186497
734824562051940352
733770245802975234
733757399878803456
733694625060282370
733381464335613952
733367552303374336
733029436153597952
732573337105387520
732548176100515840
732537431430430721
732537402875502593
732207662230687744
731820175930970112
728663295260020736
728058192442232832
727633707318775808
727605154376192004
727505437067714560
727213668396613632
724663117976731652
724640917580320769
724300976891396096
722898667808489475
722507639830130688
722204025966485509
722050568374599681
721700248565981184
721023447606935552
720969953361469441
1249738234311180289
1249735242589536258
1250833127536316417
1250176647317327872
1250090771702743043
1249346641997504514
1248774960992137217
1248706183470419970
1248344168038125570
1225181568429383681
1225181564339982337
1223746039234080768
1223599498527739905
1222998843542974471
1222950225020641281
1222947515387072514
1225181565686374401
1224895533480927232
1224390543553241091
1222987817195917312
1222951600072859649
1222950224064393216
1225199838322667521
1223244292564692996
1154010322602250240
1153753565346893833
1153657090214453248
1152208029296799745
1151887841795944449
1151593436639879168
1090751141502177281
1154054650527719425
1153403011479298048
1151969637229375491
1151962738224193537
1091454103035629568
1091361992126935040
1091342373366439937
1090751142852784128
1089973666161573889
1089881584994525185
1153753564336050176
1153419781695070208
1152328115148001280
1151946095297212417
1151938386388762625
1151880283312009216
1151561445567541248
1091028097426751488
1090608781480861698
1090257794673065985
1187009332304601088
1186773590223527937
1186416640327606274
1185338265538187265
1185335875980234752
1185306590733312000
1185206162914009088
1185003926879264768
1184914408193036294
1186962988785373184
1184914412529950720
1186651294662045696
1185674581454966785
1184953263680036864
1184887809255059456
1184872483004059649
1184572401079771137
1240330525828579328
1240307275153264641
1240305588644560897
1240305585884717060
1240300697519828992
1239685409896108047
1239595295085932547
1240692939912646657
1240335855245561857
1240329618562912257
1240307271802007559
1239254993695318020
1239254284946071554
1238233343935815686
1238180157640368129
1238120637815836680
1240387231669456898
1240306703134003200
1240305696924729346
1240305589563076609
1240304841106259968
1239577798945189889
1239253853612228608
1111627366059655169
1110999086696669184
1110628192686088193
1110625969042309120
1110526698683056128
1109951960826949632
1111242391321759744
1110987231496421379
1110890600600141825
1110662952640749572
1110596347638484993
1110243199371616256
1110174612271304706
1110257840613195782
1110211828410392577
1219660592354643973
