1158469238178439185
1157758400559759360
1181654344871137282
1181195734366015489
1179770966999781377
1179730738318585857
1176555681043886081
1175125021758500864
1174792375119548416
1174755317571358722
1174698624023965697
1174694912199221248
1174472093628555264
1174454092493656064
1225196142515965952
1225184599086706691
1225135222347509766
1224864124984856576
1224781455882104833
1223311002843910144
1113382400803864577
1113382102026936322
1113250603709366275
1112738574334676992
1138457866149535747
1138185377351655428
1154034847494488064
1151637531047485446
1151584250833100803
1151566074451779590
1151556583652044802
1252969111073759234
1252946859879997441
1252675846126604288
1252611195166654466
1252275958830305280
1250903913798275075
1248693508401254400
1156180350994984960
1155118899580608512
1154719341583245313
1154504274069487616
1154428468375019520
1154422931306569733
1154395506887598080
1154183593511591941
1154091890016477184
1118895492438593536
1180256439392227330
1180234674037235718
1180161591888814081
1179874198900084736
1111358023715438593
1110859544710787072
1110252688825090048
1151532871359913986
1151483445866049537
1149782758576857095
1149669641297334272
1149342019711635456
1149314288466759681
1149043898981015553
1149035477653217280
1148959572293574656
1121769836684750848
1121759578587316225
1199448396106477570
1155210187759869953
1154762668403757058
1154465626083213312
1154462064280125441
1181608350569631745
1181193807003574273
1180180014383484928
1115721876708438016
1115673663641194496
1115619432091529216
1115423599656148992
1114227734719410177
1113813935709401089
1113807168552226817
1253678864838115330
1227699169873334275
1227242289778565120
1143103706319249408
1142084937874587648
1141692825584787456
1141687325723942918
1174409042145554433
1227773709215244289
1227721140384272390
1227275839928225792
1227242157158699008
1227200953159487488
1225489416430530560
1171772354315395073
1171756579538001920
1171481198301859841
1171444111762587648
1171196634832805889
1148683299801436161
1165975442580484096
1163960566815318016
1253357099402346498
1253291654695522305
1253013039932194823
1252709618398134272
1252700418167226368
1251198179288199171
1250899712888233985
1149326254044266496
1149033825881808896
1188914838300450816
1187407560451805186
1187170138027646979
1187086170913677313
1164255832139325440
1255832048826298374
1148948775655923712
1250512597562114048
1250045710457876480
1155444420675821568
1154124119929237506
1157267320051359746
1128653804767993863
1128316089828610049
1128098352166506496
1126806938996695045
1126654081555140608
1138143883190292481
1136592502281113601
1095649196848361472
1237793287676792839
1237729449786904577
1236060057256812544
1236042742830174208
1235672716298121218
1252346705682391040
1251240290746339328
1251187485612392453
1141002090178928647
1123590358049406976
1123291822749626369
1122919657399377922
1199712168519843841
1197639444645531650
1179897855852634112
1179818983463239681
1179783424015503366
1126561414909292544
1126560608084791297
1126481397336686592
1126202279214952448
1258141498366967808
1258093072774311936
1257391732091760642
1257294703877373953
1256346430337363968
1256330917439660032
1256242401645080576
1151226699272609792
1149704644513415168
1194625252002816000
1192217627885785088
1106209802148069377
1161368104011751424
1095729399670951937
1180267298113884164
1245391757929562112
1244663866245763073
1096514605587795968
1096507978604298246
1096164958398828545
1095813056515506178
1095393313992126465
1095042292958855168
1190073157262200832
1207800473790689280
1207700458254589958
1236033881180119042
1236028808228147200
1235709103646752769
1184227557035646981
1184226631738691596
1183854744474980352
1183807690486829056
1181936792976658432
1123933012603932677
1123913100598697985
1184128413130526720
1184058280034918400
1182322930916761600
1128664091403390976
1128649074591318016
1128012159722692608
1126809277425963008
1126148263504154624
1126119472627105792
1125862438820352000
1125486684861284352
1125441384352239616
1125412232773492736
1123971073048031233
1123927648600821761
1177373566230302721
1177356712782815233
1177193446412554240
1192127722614611970
1191456674156089349
1163808774097985536
1163516655055646721
1191335402365472770
1190357921806323712
1217185246396977153
1247997629860102157
1247553957628690432
1138140923077042176
1247972549734076419
1247572565100498944
1250483663902474241
1250168117009006593
1250067009896923143
1249804665711181824
1249298227842764800
1232687238628216832
1126141359499481094
1124671323727380481
1123926387193196545
1191747576741158912
1189548266909773829
1217230965023612928
1215803837761687552
1215290394684133387
1215281715276582913
1215043555347062787
1240715312120520706
1176845189895376896
1176588274615410688
1176559017067499521
1175033505409110016
1174697307935297538
1174432548962873346
1125390218306248704
1124048500952641538
1123971020094955520
1123911017321369602
1123720781727510530
1093654607442731010
1093588961992339456
1093511992403472384
1093147222768869376
1092465814513639425
1148690630878609409
1148676413291147264
1146768267220066305
1100843728367828993
1100573491752026112
1100064609321566208
1178664635513356289
1178659381430366208
1177570610785992705
1177211961974710273
1176962724200366083
1176954728837787648
1115649887138402305
1113470426058043393
1255911922265964544
1255892608603369476
1255579131770781696
1254769114905587714
1253431510645927938
1143883522752569344
1143214813184745472
1141737164704821255
1141436710695395328
1141417032992329729
1141350564367929344
1171775458574307330
1171426607527092224
1171178049695637511
1224925265366745088
1222969942519287809
1136024551924609025
1135970471722307584
1135926773714210816
1134146502350245888
1134120605975023621
1133897063027085312
1201969430730878977
1200543634065698817
1200493012213751814
1200032190022799360
1210586428775784450
1210311926653300736
1191788568345292804
1190022295412236288
1177255491807907840
1214900131096662017
1214558427873206272
1258060776885157888
1258057385505165315
1257803531236581377
1257673160578797568
1256338880430776320
1256336355333824512
1256219682501283854
1251132194929676291
1251117064066121729
1250534882239041538
1258429698322960387
1258365443787685888
1258348001749274626
1258015278677590016
1257782588791558145
1257771819488215040
1257741318408802304
1257725290400428037
1257391540273655808
1256342691434180608
1181280986199248896
1126619589385891840
1126552268323553280
1126239504040284160
1126205355564969986
1126185287615434754
1093553420550762503
1093276010408222720
1092858290088935424
1240326530280161281
1239648959699865601
1238485883835351043
1238136611289927680
1239723250369863680
1239674585789988867
1239617728043982848
1239606432078729219
1239562428331036673
1238828302007238656
1238228250771501056
1230547557333553152
1157306416874569730
1239937423859232769
1239697344637083650
1238925468151283713
1238608623703556096
1176851180233920513
1176846427554754567
1176606328703410176
1176513557988564993
1175107667372720129
1175088849879539712
1174420760229752832
1217583423088480256
1225406791506440192
1224448878952402946
1224438491779485704
1118168783963721728
1117860686367997952
1116696494743216128
1171488646412718080
1171461318211096576
1171425043676422145
1171211723757555712
1171083205098844165
1170029086888157191
1113469421484421121
1113386284431618048
1113369042448990208
1113180528067403776
1113135609059700736
1113066244880642049
1112796280542171136
1167477403100340225
1167098225549074433
1215775245614899200
1215331332693405698
1247564828832608262
1245818180414722049
1159586321750528000
1159494599729143810
1194638706130505730
1194421975650844672
1192953028967579650
1192831218712231936
1192189514086830085
1245732536489312257
1245395616689258496
1243576907393884161
1138845782885502977
1192532285033271298
1207797872902754306
1207719881459818499
1207409182368043009
1215411119537512449
1214916799990583296
1100879528925294592
1100845969392975872
1100781800597700608
1100468075286142976
1241005563548401664
1111276532717228038
1111246149980176384
1110966951986294785
1110915840931758082
1110830534505259009
1240647917892972544
1232696319258628096
1188997474490507264
1188825240169787398
1187372150044397568
1187321468864139264
1187065385658527744
1154035919206400002
1154007699291627520
1119229507540586498
1136632818589687808
1136598090025197568
1113440923017449472
1113157881703149569
1104157841697505285
1103994374990557184
1103700366552637441
1103077239485353984
1103006361045139456
1230287416008806400
1228105056681168896
1154060471194083334
1154045484337524737
1151859790655696897
1119193859806912512
1118922486840741889
1113449709656584192
1113121719898816512
1112783331006009345
1111613547325390848
1116398270564139009
1116049506917933057
1111283093208526848
1111079246477385736
1110953366329401344
1110588805646639104
1110528790327971841
1188835888958185473
1187732941478207493
1187332766695858176
1187164956141207552
1187144511488757761
1187065561865433095
1222949168848744448
1171784367737364481
1171050627369197569
1136284213169328128
1136274163088408576
1136026850575167488
1134213395165716480
1115965162970808321
1113529186596028416
1253429882568142852
1237839653090119680
1237757976640991237
1237134023606108161
1237134022414938112
1255213655148376065
1255150869605019651
1148246076450922496
1247269174977716229
1143896125142904833
1143603076269510658
1142967445960953856
1142063359099101185
1148945718306050056
1148405356239962112
1100897145488580608
1100862325895110656
1100844914504622080
1100764619843530752
1100516663194202112
1151531526003335168
1151525405725212672
1151496940422668288
1149348188748492801
1094276472917950465
1093877521228201985
1093531844233084929
1093220094430326784
1093194194590593024
1093018289587015680
1127966110886789122
1127559829936062465
1126910460836687874
1126674828491202560
1177564369611350017
1118149890033500160
1116401750536327169
1116001680582107136
1177614024525127681
1177565187773218816
1096758898667728896
1096448255767072778
1095700239925813249
1095504873842503680
1126517263383912448
1235966412537106432
1235660665743757313
1201889607786418176
1136262938380111873
1135988664301998080
1135945348340506624
1135908334299688961
1135648059772112896
1134440781069127681
1104069304830578688
1104003075642220544
1103833885278916608
1103781311074963457
1103737608604188672
1103371931242426371
1100917221411426304
1100900963022446594
1100515931753799685
1126491298280673285
1126467512009408513
1126195516684099584
1115730899348410379
1115693092651327488
1115620525471076356
1115424196341981185
1115358711189573634
1115351272801042438
1113824829038301184
1113534714177118209
1255534450177425408
1254780403325362180
1253813511232335872
1143881378154602496
1142973040315289605
1141788452364718080
1141699881091981322
1131256965848551424
1211717184793325571
1210655025858523136
1210537288251383808
1210333441012703235
1209910758617833478
1217579435156819968
1239625408317992960
1238871589241917440
1238480352617943040
1097210833476694017
1095814134208315393
1095768361148051457
1237893590539362304
1237793099008675841
1173661760844382210
1172222146506047494
1172205805426421761
1171811958066221056
1140624304515821568
1193945239381258251
1192952988425428992
1204932324162523143
1204892132365996032
1105489018421157888
1237432199420526593
1237384898509447168
1237141077297180672
1237134024965054464
1236020026588762114
1236017168602578953
1235921828385873922
1111314571896279040
1110994305840304128
1110899419984089094
1110722051155873792
1110554069662400512
1110544365515141121
1176591304551292929
1175055616123031552
1214522931956588544
1214243169568772096
1162411796105486336
1162357243599343616
1162356512540508162
1248245500916019203
1247635410983010306
1246798883906293760
1245074672875642880
1245033240336969729
1244678376419463177
1242828979192631297
1189946885873786880
1202675214619947008
1235585718400974849
1235254292396810240
1189545044631576581
1188982880267112449
1188959468119347203
1188466117989285888
1187125233641250817
1187065466373713920
1220813861252673537
1098386883082625025
1097945844609888256
1141012482913443841
1140242838485131265
1123286321710153729
1123224307033956353
1122314349199220736
1120416745318121481
1197546358372208640
1197163361244454913
1192800950278393856
1222306453530259456
1220464920828968966
1105990987220946945
1105988941289873418
1105179635451682816
1195494619884199936
1194995393903448069
1193892339657433088
1192892162616246272
1192836198445780994
1229840021827588100
1154042127317213186
1152572644849594369
1119949499194068997
1119264509246488578
1119219039560245248
1235221977641684995
1234666723057397766
1233086186102624258
1197149227677364225
1196805814834601984
1195520687554863105
1195464254847094787
1195463690142789633
1195373897983627264
1194989641973325827
1250450465357287425
1250419621481648129
1248678124230971394
1248592652523712512
1098567685582061568
1104112116854898689
1104061254405107712
1103685308724535296
1103028126429466625
1101167751153020929
1204783751089274882
1204471267795046400
1204470403940462592
1204372529177124865
1204211904165679105
1204189034299449344
1204171425113874432
1204150966200815616
1204143960744189953
1202998251487711233
1202709722010398720
1202687930139058176
1202657512337674240
1202335354419916800
1202328232932052992
1202323298916478976
1187010369119752192
1097267527921618946
1167151672281436160
1118519635282997248
1118219919265550337
1117486271646060546
1156602158701146112
1155283326896394241
1155146105790894080
1154390955593818113
1227286315244216322
1134557716494671874
1134533880499884032
1126577648078135296
1258400165439975426
1258361505189371906
1258059502810693633
1256348939109969924
1256293798809829380
1255913864107081731
1234873610369675264
1234630378914275328
1234568482903265280
1233126011740528640
1233108272032423936
1233100924417171456
1166455066523516933
1128045174763003907
1127977658405588997
1126940609502224384
1141011664785092609
1140624074248527877
1140333748963151873
1105533169393111041
1167456982942519296
1209254925294854144
1209186996180131840
1207782719561830405
1207775121093648384
1207756944871550976
1207718566558097411
1019190774603362304
1017786703615025152
1017773762199064576
1017741706224119808
1017567549024821249
1017413904052310019
1017403384197013504
1017397614944423937
1016681722178654209
1015216978590650369
1014563831350259716
1014228211864043520
1014169182605316096
1014161924077051904
1014118720925523968
1012789451154771968
1012392083582279680
1012047294814982146
1012045644717060096
1012037775825268736
1011962362386092033
1011666244330819585
1011623915217702919
1011616369073377283
1011573975850340352
1011573318921617408
1010235936431529984
1009857943846703104
1009442812990025728
1009169419338158080
1009044989547032576
1005106429689286656
1005078871463677953
1004914041935015936
1004774018111754240
1004423778573701120
1004149940564709376
1002550602319134725
1000099301350141953
999715927989026817
999666905014292481
999628896738992129
999015327018180609
996396752898088961
995976865700605953
995024363459088384
994993359344291840
994259805811433472
994231930848768000
993957574306357248
992448893953638400
992403637409341441
992037543515447298
990714417108209666
990254134048772097
990196333045866498
990178917368688640
989944319351062528
989507880985522176
989506618055421952
989468232577843200
989223733113114625
989218782555070465
989217598725386241
989146548247425024
989123314584117248
988455305435582464
988448990386679809
987365157214007296
986990171026575360
986398680763846656
985839977069273088
984964131307520000
984446628064038912
984431821223022592
984130370571563008
983771261217239040
981259908732674048
980846574719918082
980779408117190656
979368185530146816
978632323074854912
978304607599448064
977155367217004545
976838860037656580
976457900800598017
976122469634527233
974291944305283075
973955823591415808
973749087131590657
973711947181916161
973679685451288576
971806752516788225
946729666240569349
945632092431486977
945382200823963648
943574011044384770
942209141145243648
941360752040071168
938937055891087361
938862379697344512
938850440292241409
938483271951945730
937809395597168646
937794307356004352
906114772747288576
905803169220964354
905470683018297344
905173968163831809
905084568646103040
905073509033967616
905062910090768385
902235157725315072
902174182754177028
901793431445491712
901599104723279872
900345236202766336
900062627191283714
899719958950797318
899609408388440064
899340483876577281
898575372618432513
898229623905013762
897589563425730560
897495289816379394
897490313186508800
897461746050490369
897184047528595460
896012166498799616
895370198236237824
894920821466165248
894867204168179712
894629349797875712
894628567895740420
894577200434991104
894567529552773121
891016599855124483
891004524378423296
890679896250474496
889916172455596033
889841547692453890
889103614450556928
888526586844241921
887763061020520448
887671146702925824
887432229470822401
887404592333553667
887384853607571456
887022277119942656
886985560199483392
886071313084944387
886027720056070144
885662726122594304
884807490638163972
883414094874894337
883354942882426880
882968465455411200
882604704961900544
882205312488546304
882203965437423617
882054622340411392
881915941549993986
881853149161639936
880774392606859266
880758004836184064
880589385456115713
880434401737400320
880189134551134208
879786783793459202
879724322528661504
878329527591743488
877955627691028480
877922440218791936
877685019027935233
877632579410604032
876844586378944512
875409026837876736
875360519561121793
874649093729116160
874292924565139458
874250003543449604
873134406768177152
873117788524511232
872889201049694209
872439528350523392
872428133164736512
872121052322725890
871452159270944768
870648720739708928
870038267252658177
869545469944487938
865231443521400832
865181582453288960
861657142675296258
860210197037551616
860123537562107904
859455485661073409
859120392522399744
857638282448044033
857554033632038912
856902495452508165
856820764775002113
854445929147113474
853988564245389314
852594273845469187
851479997541953536
851437646140387330
851428274819543042
850693110074101764
850381003914915841
850347922608857088
849370230585532416
849347619654651904
849346134636204033
848973562295857155
848967402402480128
848506383486136321
847615114773647360
847088965001904128
847074119745245184
846760932340613120
846711294615060482
846369723428327425
845388484202418178
845291209056759809
845269539231289345
845114432263016450
844920122959646721
844691473023062016
844565662995562496
844217206644887552
843839691266887681
842727219562733568
842482326005305344
842412826446712833
842374992377597952
842111606867787776
841647982592307202
839984926581760000
839903103415648258
839665403668361217
839531988205854722
839524315511017472
838957405442568193
838811677093044229
836809692269658112
836797231776792576
836793705692561408
836782721921855489
836384314396983302
836337207875158017
836278985545945089
835215985359601664
834432202582683649
834155736494174209
834086265293258752
832673417480384512
831985842335973379
831285486664765440
829796556966658049
829761015818702850
829711833250537472
829699362875924480
829564313090326528
828959942572929024
821035283877687297
819736069797216258
817398955172659203
816661280979296257
816411415980507142
814546656146366465
814123522188595200
813821922802810881
810845686384234496
806963052545503233
804775877271810048
803614019529670657
803261336570372096
801843633083314176
800776742378110978
798890215209336832
797529213427453952
797070520592252928
796400514078560256
795704957701853184
795388080425463808
795376759164334080
795328142525263872
793185880135573505
793144549233270785
793103653548752896
792116197290573824
792018211072012289
791738853673631745
791286589628489729
790339952538034177
789483977874833409
789455078050689024
789170014238625792
789164557725945856
787646961444876288
786634962372001792
786585435699019777
786576311095525376
786259049029443584
785468963362832385
784033332321550336
782949616874557444
781607101739233281
781509062861135873
781137978043277313
780813390478512129
778965602551619584
778947600246595584
778560747756462080
777990843202428928
777930369941274624
777916052500017152
777901912767225856
777321518275629056
776843359201660929
776813141929885696
776357532159905792
775758649193103360
774979243814035456
773911298635694080
773172234164772864
765562239554297856
761200168280662016
760985457568182272
760168330510667777
758605763312881664
757628403327574016
757205206409117697
757183156663357441
756493328334585856
755410208654958592
754702877617229824
753974038154862592
753957782613848064
753921008575188992
753739002138636288
753592263398264832
753281102983340032
752972252984012801
752891844359577602
752863035350478848
752609946890567680
751462837839663104
751166754454433796
751080967457107968
751060772239896576
751044806923673601
751022984362598400
750662263284039684
750434253167534080
750347336849756161
750304156389240833
747809002965340160
747476542599667712
746371396285120512
746366657296216064
746325429372411904
746109659711406080
745735869722656768
745624196101832704
745362103884718080
744915963435417600
743633620271792129
736170177197408256
735138466833534977
734857812560510976
732953007835500545
732688227107282948
732686174532292608
731122185964781568
730494952917090304
728252238188167169
727532909264027649
725682860422750208
725669640848945154
724694355693428738
722844128690769920
720039123927453696
715550073187409920
1067527286461730816
1065288775469867010
1064297282353459202
1062444952108572675
1060658625595752449
1056901607672238080
1055821438836527105
1054434488946753541
1054349460157931520
1053299088656084993
1052984542221471746
1052640800037834753
1052525922107060224
1048227806013001729
1045717389306933248
1045463772629020672
1045443972263563264
971791187798568961
971754371020095488
971487691840937984
971388554344632320
970731263769350145
969612270090248193
969170553675419649
968558862633701376
968470373741334529
966322138939576320
965653700319633408
964840630546567168
964170845047414789
963536519674941441
963488652402806784
963135036399738881
962110144661291009
961990922702606337
961956155445608454
961674211826851843
961617301006094337
961293193156448257
961260067923353601
961235401678688256
961230254588260353
961227890342989829
961201701389783041
960945954504478721
960906258386735111
960280718554394624
958748415365734406
958450433181274112
957936747874222081
956295943393021953
956263346835218433
955867873859260416
955547053182062593
955485394119819264
954377666651664385
954132454293598208
951828809896079361
951492009159725056
951212297770471424
951103012088569856
951075497181614080
946405164306616321
945835970573815809
943595314753261569
943153012033417222
940956268675596288
939107558832394240
938559492043702272
938528869795147776
938442386123952128
938043859757563906
936269154562297858
936265975497928704
936027201383882752
932986657489539072
931519855974649856
931235276822863872
930597069802360833
930541869930512386
930532473175453697
930516633822613505
930265943191773184
930232451326251008
928989226468872192
928982350565969921
928247552683757569
928058546184491015
926189581401296896
925859552054136833
925755015632912384
925737941607108608
925734232244260865
924330469893853184
923954225494847489
923582250838642688
923512850991210501
923254676505669632
921056723800068096
920726519454097408
919990043950936064
918484135727034369
918472703413248001
918253753739988992
918189763605213185
918142667267112966
917910529645137920
917856943808622592
917844975362166784
917808260308226049
915577439505518592
914302517701378050
913907132973682688
913474362958843906
913421784132804609
912395586573340674
912321010279600130
912319981622308865
912310160252657664
910952478052626432
910873138375905280
907976259665383424
907620742568796165
885628087051923461
885176471676911620
885172505203355651
884739081111994372
877641283564470272
877577076236206081
874647574254366720
874630297794555904
873869850690584577
873146827167674369
872190415599960068
872182436603600896
872045521766109184
871518249585922048
870689705762762754
870374026010664961
870080177484824578
868188556136677378
867415077124812803
867369936636833792
867190256235417600
866811465235406848
865656481860866048
865555054094307328
865155946514976768
862063619479130113
860215971503591425
860144106424725504
859845200302268417
859174320844812288
857638417626214400
857625558515163136
857617300698038274
856964178267033600
856897972889669637
856817053239586818
855424789418299393
855199021740290049
854764548913594368
852622530401767427
851872637781512192
826623604024557568
826595904123764736
826535677693161474
826467810142461953
826399679608938496
826393014562123777
826130127998349312
824997365950119936
824301010965458944
822808917369638912
822808650024685569
822808246482272256
822670075845079041
822497456877404160
822481921620017152
822098497583411200
821791791804514304
821522994354913280
821092696848814080
819879980234588160
819308019309805568
818865175361097728
818829855416524801
817462811693555712
817053210481459201
816766332461060096
816721019041972224
814806570311753728
814575505911480320
814225917987979264
809072929740824576
809049786695421952
804735189083684864
804673800172355589
804414994263789572
801413895051218944
800700245520826369
783308887919300608
782964603554787328
781871917796061184
781569557827874816
781493868806176768
781227045506412544
781155196248399872
780807022862295040
780400141320785921
778677379270971392
778676984972881924
750351023772995584
743499129083564032
743448699376930816
743445844083507201
743176291852095488
742445232726409217
742363218413260800
742052661269168129
741269699758002176
740951295725568000
740940356506750976
740883817527955456
740629155432271872
740580833015279616
740545557815525376
740308097797738496
738370219949871104
738153812775444480
737748982781349888
736241822515793920
735588933740953601
735221536538415106
735183970002997248
732295307149647872
731113065807220736
729735801953767424
727580737420050438
727507807281528832
725683071907958788
725402541459124224
722215747330543617
722131740140158977
722114658245689344
722097744589012992
720658808285065216
720298173944754180
720255673792131073
714095507069648896
712706005000392704
712651352208515073
712401571078905856
712346563281068032
712326803214495744
712313963439063041
712278081881436160
712252152484380672
712042663252463618
712005501333213188
711923766679490561
711907204459315200
710518476444667905
710121497566826496
710097579174924288
710084576954163200
709849755468357636
709812136600584192
707964568690147332
707678635684134912
707224868950044672
706878952464207872
705776755815129088
705058769848430592
704653012346773504
702910770141655040
702821708814802948
702582115813224448
702544217525129217
702179467381358593
700078127108771840
700042594626203648
698217962268925952
698210843150983169
698164867249893376
698153715530911744
697919616316735488
697886858903216128
697834899911348224
697525906282254337
697158890367098881
694946457305137152
694654764697649153
694210192410591232
694172919740633088
693093613992071168
693091819882680320
692814582453256192
692413063736233984
692131165235474434
692030183415681024
690551659068522496
690238501753884677
690236928520753155
689500159261081601
687686654719574016
687325163126403072
687316986716667904
687023155030917121
686725062477635584
686576536326123520
685533514893266944
685226558005612544
685217436229079040
684836302504747012
684821963907403777
684760722224640005
684415769837441024
684403033019645953
684393292751048709
682332803065753602
682323581817217025
682308295919534080
682260403380981761
682200092883980288
680389948453695488
679670550189465600
677921287604432896
677907304583471104
677624014773362688
677511027601330176
674641894274650112
674611814668230656
674366655934423040
674327996321423360
674248260379394048
673932023849971714
673620190798749701
1163889738060894209
1227698227417407488
1227271570516848646
1247937878094753793
1247179077276049408
1130893741533872129
1130823552255647744
1130579005202149378
1129381547352702976
1129168987030470656
1129095313149636608
1144712313888489482
1144662928886571013
1144226740316905472
1143987024979988481
1245454727015469057
1245364507385479168
1245101677335756801
1245052027484471297
1245016273660121088
1245000490787770371
1089600861938999297
1089251341204111360
1089161124367470593
1088038974554296320
1087351161613635584
1086019475680448512
1085957107814416384
1084911412751855616
1083380232265043968
1082736978632851457
1081208826584616961
1080843780020977665
1080534881610932231
1079406764150480896
1079359395677519872
1078408958359097345
1078385622451142657
1078378764126564352
1078370933373657088
1075818221046038529
1075596557913874432
1073332062982205440
1073290540412792837
1072606888347475969
1071155394775523333
1070848421941207040
1070762957351587840
1070661095734566913
1068738922539335680
1068148769349427200
1067938374978281472
1067912447972073473
1067886954023448576
1067886543489126401
1067752884861919232
1063470428759490562
1061629969984638976
1060516460395720705
1060313546301624326
1059452511902449665
1053376367964971008
1052634040061349889
1051883815273148416
1051841664648732674
1045652433362452486
1045070880357912580
1043140478722600961
1043138910212247554
1042886816431529991
1041716689321308162
1041693357167259648
1040684362017202176
1040271085730713600
1039237302504054784
1037784401357271040
1037778768864178177
1037726657874939906
1037400369817677827
1036648340400861185
1036600118223560704
1035959572907937792
1035123615132524545
1034589580169814016
1034422464279965696
1030507124378558467
1029802771443326978
1029765785663823873
1029358680704200704
1027953628622073857
1027229854931013632
1022262789426085889
1021877148435591168
1021794120556326913
1021389382933196800
1019999660558180352
1019958148386426886
1019663726381879296
1019307048553664512
1248285131372138496
1247189083820118016
1191762391656259585
1191511819338371077
1190342818113507328
1190331337879764993
1190070108938485762
1189891829682102272
1189618129976070146
1232829157178052608
1196850301770326016
1195493612286406656
1195019931529687040
1194743007913955333
1194640731291430913
1204890775353511943
1235566965974093825
1235271067259854848
1233485068519329795
1234467130889953280
1233458552204922884
1222565360085471232
1222303209982767104
1220108096003067907
1103734618145075200
1103685254127202310
1103402238716899328
1103314854297915393
1103297705588285440
1103090372660682752
1103004847249477633
1184180787974942722
1182021804526915586
1227359551386791937
1225469756955910149
1104112355946975232
1125494227260137472
1125386366777462785
1124297884864790528
1123946651939430400
1159896358393929728
1159121288964792322
1166712004524019712
1165977494325026816
1164901883451981824
1164862439395119104
1164691252388012032
1233123300022398980
1197157792378953728
1195498143531622400
1194772939465469952
1204532831407484929
1204517445756760069
1204514755811123200
1204041679512199168
1203508660166680576
1202768176641138689
1202672754710974474
1202610985288306688
1202374129007112193
1202363924026417152
1202229027366473728
1184484360118030336
1184457591646232576
1184210067534569472
1182011648590176262
1208135424306294784
1207686128083644417
1207456688342814720
1178745399726821376
1177357786772062208
1177290867142516737
1176857670642536448
1123593654713683968
1123592671266779136
1123348464082063362
1123290941899640834
1123285708570013696
1122918624476442624
1122462253603749890
1199676725799661568
1199380723045720065
1197541744566509569
1088122054879133699
1087779559993458688
1085997783969157122
1085272080298450949
1085255242743205890
1083808292751708163
1083789187235676161
1083416680934658049
1083371385798516737
1081254096999534594
1080616860377325573
1079406298607902723
1078621269149577216
1078457912052379648
1078417793903747073
1078401404086177792
1078393859602817028
1078324282231537665
1076138170926927872
1075841392751112192
1075829988451078144
1075788578410651648
1075782138040119296
1075724441915666433
1075590095284158464
1075473117638770689
1074721938419933184
1072570231535648770
1072553126102732801
1071927669007233026
1071147449551675392
1071038237727252480
1070474630283051008
1070332474553708544
1068238675883028480
1068155310660116480
1068137858307887104
1067852611817230338
1067848844300468226
1067805022451306496
1067148004837199881
1065613614214717440
1064172893796483073
1063227732807553026
1063092011161579522
1062409801773264896
1060960338701664257
1060887283904270337
1060542548412895233
978688575142354944
976830468128739331
976098302717517824
969615048409845760
969194431906762752
968885021800128513
968490164342452229
968289327146037253
968189664141201409
968186186048196608
966434865422979072
964588930455785479
948997253372547073
948632743012859910
947701510963695616
946855446043938816
946849634957381632
946781494986657792
946499779219075081
946489739317825537
945667756048961536
945455550594211840
943593360593473536
943553041881534465
941684714804535296
941422656301223938
941408759808741376
941258001402552320
941254146023460864
941072926765473794
940939621952839682
940236031395291136
939110736005038082
938774016566923265
938511005990162432
937076351378640896
936313193382760448
936265724896694272
932613340022673410
930451819767255041
930435881034502144
930394432549064705
930194341246787584
930193841923162112
928306565588963328
928052088080424960
926440859272450048
926240826811912194
926134617664557056
925468688911949824
925437652979023872
925417307245031424
923273012354473984
923259202407149568
923253039695388673
923215737027743744
923183956044013568
922951106245877760
920666730761981952
918847726435041280
918433027033849864
918147176626302976
917419665437220864
916368115889590277
915689228683620358
915245463519055873
914865449296367617
914527387999703040
914498517313482752
913770692172185601
912263688257667072
912257276664262657
912003265000300545
911321788692484099
910941997564915713
910858418197614592
908485031856939008
908376358547582976
908360103769858050
908119210236227584
908102202941681670
907656158332309504
907610786419363840
907348276403372032
906976959200157696
906220007536852993
904756279113125888
903299352633978882
902235866554302464
901412750378901505
901104038837706754
901058037867319296
901056622205837312
901055448748568576
900089158106050560
899720785295749122
899689682350616577
899261014809747456
899025149831200769
898540429045633024
897589950585212960
897533705891303424
894954818376224770
894867191157448704
893502422722674688
892760498416037888
892752095132221440
892383394448977920
891013309629161473
890997935986618368
890960591267016707
890907518091788288
890208048559665152
888566124337614849
888454945984446466
888443569257754624
887730611171020801
887647215782637568
887363445892542466
887341687428845568
887031791097442305
887021249360261121
886040201986027520
885974502340952064
885949441357864960
885585684928581632
884552658387972096
883448073229357057
883441800098328576
883429192926470144
883420487795314690
883407922583175169
882687584194920448
882664437974433794
880443404391510016
880130770349719552
870662979574001664
850461835249803264
850332787500605440
848961737013571584
847523322166435840
847027889874915328
846802732975575042
846796238020337669
846700207039528965
845394349001248771
845374073710542848
845350873719062531
845334807588548610
845289256570552320
845268895795679232
845260859693772801
817073523126575104
817022869272137730
816802741142044672
816665362414571520
816607403995185152
816302936368312320
814835991437594625
814590599311589376
814561807234924545
814549388781617153
813745312133246979
811949814560804865
809399051217211392
809118221647351808
808684221749481476
808364891249770504
807262400525271040
806959132590960640
806924285382193152
806872361697951744
806657543200272385
806151321145511939
806075810880909312
805191312500727808
804690356348616704
804343247845912576
803999438121242624
803980677565861888
803611937582018560
803311164763631616
801797906449756160
801093013946662912
799354931216076801
799275281571844096
799036542736072704
798239458541891584
793454470256615424
793075136119406592
792430793255563264
792070712018239488
792011638991822852
790587515593981952
789247849615626244
788783882875338753
788388063651192832
788070261404889088
787760276074598400
786622767869390848
785948245856030720
785933289924259840
785842635026104320
785816456172830720
785537358015914009
784397313506578432
783766343585763332
783396422993444865
781911367301402625
781872131823046657
781614694205382656
781211197416808448
781101681979355136
780894229547651072
780834243446509573
780832923046055937
780769094543020032
780454345024368640
779418563962601472
779336951241506816
778323075398066176
778205899773083648
777825731799691264
776359961358131201
776082518164512768
775734276939780096
771783866151477248
771769420242968576
771338711887818753
768152370794618880
765209235504463872
761551335275819008
757912502973833217
757205003828277248
757023502205460481
756831941794594816
756580262356680704
756098552108122112
755482476437528585
753960581347115008
753651359774277633
753243379933253632
752967335988846593
752944694049603585
752526646004047873
751371916116537344
751122618913267712
750851095279185921
712286405234462721
712247816530305024
711932870231728128
710912180275777536
710523096617369600
710514300683730944
710482350166163456
710102651753603072
710092632140226560
709831211221442560
709813556443750401
709379322310737921
707325285574774787
707240803140247552
703267088606085121
702884507897229312
702633708797497344
702582802081058817
702511553841655809
702155426184433664
701808632560754688
698201165465518080
698200024400920576
698198983265615872
698187529602928640
697918174969360384
697867528777891840
697851413397970944
697807808276885504
697070694413242368
695363621509959683
694994475551215616
694922161581092864
694921025184735232
694537117423267840
694244300146765825
692375570626256897
692339601852211201
692017058578436096
690235853516439552
689917877424648192
689897091682963456
689888841445019649
689071692275056641
687651251392245760
687316451942858752
687285311777431552
687001249707876352
686982055410950144
1130505752244826114
1126111743019765760
1125848739707543553
1123986001385459713
1144325157600878593
1144036243531096066
1144017337194098689
1091334053612212224
1090738700777148418
1090632741509574661
1057702987282427905
1057018921734336513
1055095738877784065
1055094208124633088
1054847948796903424
1054770059565064193
1054438052783894528
1054393091627597825
1052624225465495555
1050828407460847617
1047925090355204096
1047142216328781824
1047141494799380480
1045381044353081347
1045318406839431172
1045314690375725060
1045069117026373632
1042523578162466816
1042207727458639873
1042156402528186370
1041814684251422720
1039921669601718272
1039311270778941442
1037756835405676544
1037366135212134401
1036976808107888640
1034910123783868422
1034840652830388224
1034810131979153408
1034517004877750274
1029377429226381312
1027218643896201217
1026564172987940864
1026518794087411712
1025421377766125569
1025144151078326273
1023979032042512384
1022877576606433281
1022546154561708033
1019333517447172099
1019271547675140097
1019220251588866048
1017766642003206144
1017737352847024128
1017559341191303168
1017499164211580928
1017484482109235202
1017422303322427392
1017063117342191616
1016758634838216704
1016681791007191045
1016680249248100354
1016630397050982400
1016367265703329793
1013976995452026881
1011710185507819526
1011383587596328960
1010249318316601344
1010226319328727040
1009929583582466054
1009859261453750272
1009076777061376000
1009047580381151233
1009044976335032320
1008423656308051968
1008423452750110722
1008019897539014657
1005396995819831296
1004461275567583232
1004458450485727232
1004375454130884609
1000079132057899008
998949832055238661
995994212284936193
993919972895330305
993897570228457472
993857910353616897
993853608822263808
992473439658303488
992427320311992322
992395977972748288
992042144524357635
990930528902709248
989584778411245570
989576322698633217
989558779430756354
987481401665638401
986997638057877504
986668991220461568
986245101059039232
985889789965688832
985647035792723968
984875742747078658
984446592899059712
984429198608683008
984397322669916161
982377918885220352
982321984817287174
981695414297604096
981290451444682753
981219602733596673
980463181033336832
979014233521303552
978602328247951360
976764782777954304
976475611622461440
976248581693825025
974380012852957184
974302512474927104
973902723195260928
973672633647751170
973571512539254784
973249873830178817
971465553947873281
968265513578192896
964586211061968896
964537490689482753
964177091058130944
964129117376536577
963816307329261573
962527203392217088
962440594042884096
962376575978278912
961272028081917953
961260054119960576
960664461165187072
960526111481442304
958769189166215171
958544532517412864
958450937391173632
958087492284149761
958006538320441344
957998883719860226
957956862330261504
957929497982132226
956295978948145153
956271066829279234
956203098967543814
955928933677051904
955878186277097477
955559573829582854
955477991374704642
954359192789377025
954061292821770240
953661315012276225
951660259952775168
951499436995284992
951119218463985664
931520123189555202
931517281946996737
930646233319919621
930264685672267777
930074894951485445
927989114942775297
926462747344240649
880034540533821440
879786260184879105
879760062146891776
879724975741186048
878286721162461184
877577602617102341
877177390170071041
876421040427204609
875314355797192704
875140088208011264
874704482327777280
874673241629085696
874594959055257600
874581363776786432
874321542112583680
873324697525657601
872967620517134336
872956631331614722
872886374944387072
872584916017586178
872584548487450624
872479528458780673
871364908826468352
871146253790437377
870432424790024192
870038485834633216
869870901122224128
869854564127838209
869718506048245764
869170804256321536
868204912626331650
868112267895869441
867709452866269185
864906279340343297
864876289274105857
864163626697064448
863106671786287104
861974189728780289
860290643028975616
860285570156810240
860230441709821952
860135073441599490
860028031229931520
859827405078368256
859506820179742722
859431861092798464
857918848527413248
857571471367053313
857401966443601921
857175541291601920
856969513891483650
856685096774053889
856602810149994498
856496513140371457
853612955396657152
852189662596792321
851484301954777090
851440239646306304
851375042709639168
849656548259495936
849630266486398980
848912227021312002
848895256905101314
847843868745883649
847537479695687686
847166394856820737
847144467807326210
846886826497527812
845005349157568512
844881882324054020
844690411042037760
844681904171442177
844236078399807488
844189303714529280
844154144239894529
843816627665883136
842498192268820480
842088204132077568
841725706161786880
841702199096954880
841352887720632321
841298706003550208
841289900058128384
840540955174420482
840191698424717312
840017858969112576
839969988505112577
839866686622818304
839652152016519169
839542056343175168
839140764957478913
838760996260950017
836969424762580993
836798381104250881
836620820344631299
836588041041031170
836549571237019648
836521463079448576
835207861764567040
835166198014824448
834856975557074944
834060417144127488
833698849059438593
832681181984350209
832204248402255873
831945967494692868
831595188820799488
831593977518362625
831561660531879937
830461584745066496
830032755849310213
829852705325723649
829839191597056000
829101552640094208
829028919915458561
828730463325978624
828702380950708224
827273145052598279
827200095468843010
827151018165145600
826883059031093249
795720192097746945
794538069890363392
794237940633370627
776134727069757444
776062803773943809
752538578694074368
751462434385297409
751417937920139264
750719137886900224
750463533238935552
750396412819566592
749369466715267072
748159565397696512
748159226170740736
747841616136769536
743165882520707072
741332914273714176
741282936759144453
741009946330955777
740982772848824321
740910929236348928
737980321866633216
737974648835543040
737945803583594496
735561296138100736
735545012247760897
734916013049970690
734884460718661632
734844844493971456
734789680290500609
734745013209464837
733696837719318528
731124869203668993
730153707917193217
730140845089894400
728583847328288768
728307025957011456
728235507986137088
728199278078779392
727855602815406081
726096118476607489
726087840396890112
724689333907820544
723233547021127680
723228390476619776
723225829807906817
723178767175307264
722883877434331137
722526300213272581
722434864461561856
722114115695677440
720998577728839681
720948675430772736
720739428055040000
720691478440218624
720688069159096320
720392436711698433
720280718023254016
720255508347691008
719994728947851264
718136401389346816
718105467357106177
718091164847579136
716426625060114433
714500350158454785
713107774675279872
712677867503677440
712663678609448960
712412366059732992
712368741183578112
712300894470213633
702614126963597313
690555953171841024
690535071493787648
685510742842408960
685249807603134464
685181953390292997
685086089292439553
685086013270716416
684871066771144704
684516768329691136
684512963458412544
684456453252452352
684393183539802112
684087188196331520
684072123221065729
684051118670897152
684027942138175488
682310922346586112
682304979944796161
682249169717858304
681857459720421377
681498137492615169
679133721983717377
677601728234176512
677504056382894080
677205371568717824
676889708924968960
676836426881847297
676785405157601280
676487890872987648
675407041968644096
675336483159560192
675068834987048960
675000737064202240
674657957167153156
673990137190158336
673984732884041728
1186316383975550976
1185200071178108928
1184854386763284480
1130952227118616576
1130847010305839104
1130830888844046337
1129899425059495939
1129537343025762305
1129400437092868098
1129372798659571714
776777644230729728
769249766186291200
758758556925657092
758324320066236421
754005218971574272
753920631847038976
1100838939722698752
1100759927495237632
1100448935657852928
1100409392527138816
1093951512965988352
1093517034602852352
1133719472089554944
1133386926797533184
1133372232942718977
1131933425764655105
1131251807873851392
1156575939888893953
1155451280497811456
1155161088197091328
1154338464772608001
1154153687507492865
1154078617682534402
1212433174204223489
1204146054217838593
1186673713460199424
1186650452932382720
1186647141114175488
1184531230852861952
1184527026629337088
1098523816068820992
1098248044313788416
1097853313922543617
1090369069176504321
1090338888000946183
1090307605942145024
1091478870467981313
1091384842326024197
1090699135722967041
1090636627234512896
1090289659379363842
1174329789622173698
1174322539419578368
1173957932612034561
1174348968941314048
1173631367902572545
1173591723567722497
1090636923201351680
1109222570547650562
1109214559326388224
1109149437132193793
1109105332071088129
1109104703198191626
1108738878507225090
1108482408058441734
1106542079335952384
1007246730713337856
1005612426824384513
1005462458155388929
1005162658260226048
1004779178594590721
1004407522361597952
1004389601073664000
1004333022844473344
1004031122009882624
1003692375716384768
999651309082038274
998981832657039360
997501611919532032
996493531396141057
996030269118402560
996029276246900736
995995797631176705
883322591376789506
883000986629021698
881307348748435456
880774627022209024
880747938871468032
880224952569540608
826560891055398912
826523810371350528
826505434496372736
826239442704809984
824039384261529600
823950807938854913
823581417556873216
822781964788887552
822204316526215170
821378910994780160
820314765075644416
820013395374055424
819962784012206080
819332073261502464
819187776289644545
819174400452857856
818466365510139904
817127671532580864
799262669102600192
798897565336879108
798662814751657985
798661663528484864
798578924611665920
798539098885656576
797789021212704768
797480199524847616
797068820653469696
793845286703693824
793818771781804032
792511020052860928
790598911723507713
789591769415507968
789177494570086400
750826764587393024
750661554312544256
750451328615350274
747835435657887746
746391297477447681
746363991304310784
746062851186528257
746049338871320576
745989161656655872
745899416280772608
745731732553502720
744528513194090496
1131948943556919296
1131564591056662528
1131247974162554880
1131225954112684038
1091046706848911360
1090642395757195267
1090365531713097728
1090275441405919232
1207080609518170115
1206989791318937601
1204951066548297729
1204152995740565505
1204147721654980609
1203498989028544513
1203488976834899968
1202687977836728327
1144246661776138240
1058109961883017216
1055808435189698560
1054464228696952832
1054413345254752256
1052664519250534400
1052650518361858049
1052515821971525632
1052311418668810240
1051878358211092480
1050109818000863233
1050068453808373762
1048670856128471041
1048194590417866754
1048009438609723394
1045730628443033600
1045015755056721920
1044986138237313024
1044985746011115520
1044935651349663744
1044773770903388162
1042827388764258305
1042757312421797888
1042454717027241984
1042397444703768576
1042048009142448128
1039505780561588225
1037805152181411846
1037762325456084992
1037358760052830209
1036969571146760194
1035137342854627329
1034815943443206144
1029326750407421952
1029159765014925314
1029026821206106112
1028012312010129410
1027201639684481024
1027162543419285504
1026494270793048064
1022244040983670784
1021887598606917634
1020002956798824449
1019335058417704960
1019263218777313281
1019223055074316288
950860018152243200
1109079309514346496
1108838341292843008
1108793084865847296
1108088073915678720
950773742644449280
948590241211977728
946507323798933504
946482190329708544
943202045535932416
942829838406160384
942782461188206594
941386134483070976
941382536986492930
941072576201314304
941026862918123520
940642356184875009
940269705201364992
938775451148914688
938772860901916672
937711460372893696
937077140914352130
936321941916569606
936270922058747904
935679052903575553
935536185522425856
931494706579722241
931237022450274305
930488460082925568
930415530124697600
930399019028840449
930263653600956416
930235379940290560
930229416155893765
930116585129377793
930095142282948614
929876765446737920
929045170196242432
928982079613947905
928351815757950980
928028737886674946
928011785902403585
927960944755511296
927575680140894208
926534229013516289
926478815005696000
926093126120493056
926087804479787009
925769495213469697
925759131646128130
925728607661641728
925712716798529536
925467256875835394
923696646654902272
923239689779281920
923206592354553858
922548770251988993
920394139514081282
918549740954050561
918497000290648065
918485310140448768
918483322019418112
918416543201062915
917846644212879360
916433756038279168
916328703965171712
916008997643268096
915602146585915392
915421949869875202
915352957775949824
915253926370398208
915006466330959872
914497165480927232
914478226025668609
913752608292184065
913735002407493632
913493724725903360
913066339807490049
913047898815913984
912777908183339011
912746910389276674
912341915579949059
912284584888475648
912246219153510402
912246072738754561
910514986010710017
908730688517615616
908419989455216641
907988500775129089
907986407725166592
907700739505614848
907263767645495296
905824545566752768
904321905624305665
901063733648257024
900426382278262784
900421226455343104
899647009023336448
898552758940389377
897848881760923648
897494566252802048
894758053471412224
894651997252718593
893153643624488960
892741137630461955
890597699011084289
889505186619764738
888039992668426241
883395236067631105
882922584450510849
882030644108439552
881307616517009410
881197723130535936
880791687718731777
880529167217025024
880143254821507072
880137518481584130
880055844460609536
879348535816323072
877654193263198222
877574403848101888
877544825545007105
875491610238345217
875309350063157248
875088111411355650
874562578382544896
874405052278083584
874375822597029888
874305080002060288
873679596557922304
873615706033729537
873251204985389056
873187900082589697
872528735941079044
872518747650654217
872509886474616844
872474206948270080
872408672655331328
870687415475752961
870369273591599104
869944627058683904
869883802079948800
869152040303427584
867722914996596736
867695642537324544
867009631582904320
865979163928387585
865976030351196162
864952966645776384
864918558089805825
861603389477720064
860196918399561729
860187515571011584
860081396660015106
859811451967549441
859767460735660032
859419727973797897
856870538769313793
856674513504923653
854766444478947328
854718677387812864
854455725720047616
854332230277136385
854133772517871616
852235012145590273
851954964796715008
851431203899138048
850015448024395781
848875778578239489
847864070476791809
847838353059983360
847523482594430976
847478711825969153
847476697834360833
847419869016449027
847184802067501056
847146425544790016
846753933477457921
846700200781598720
846693504550096896
846484616676544512
845611447841382401
845315488066473984
845305489709785089
845283010937344001
845229558282534912
1186993915221762048
1186699599441993729
1186331708414713856
1184885003731255303
845175639539793922
844916263113641984
844769834755751939
844655563711696897
844180229820235777
842484321407680512
842175569383022595
841339178323460096
841299005657223168
840546140005257216
839935258405531648
839928021469523970
839628242080436229
839289441617313792
839240830284103681
839216976312545282
839189174821482496
838959990715088898
838892402098200577
838796449018232832
837678214705262592
837316654099021826
837304376049946624
836960001491152896
836926355761692673
836547667371167744
836214131216777217
836202243586150400
834493093160353800
833302284968800256
832605599422697473
832289853429645312
832259188818579459
831615901292183553
831508947177701376
830506859329179649
830006558176190465
829778163723010048
829732423923597312
829444858158923776
829333321310171137
828649665969152001
828613555687718912
827601048990785536
827305645120569348
827170626771222528
826830711600586753
777989202579423232
774254570042232832
768865552299397121
760898221564628992
760479750695559172
757579923389382656
753310199671324673
752895497938010112
752878201274269697
751481970895556608
751463997862477824
750357042251137024
746364992321097728
745830025560207360
724678978754232320
722542143055794176
721802763768872962
720994333185458180
720414088526970880
720357693354065921
719925143787737088
717719055784873984
713408720923795456
713104847046844418
713093268863639558
713035681816264704
712686320494186496
711978752553721856
711977498456793088
711732891458207744
711611189285883905
711356953679626240
710919260466495488
710885489914486784
710579318993383425
710541453164994560
710469550752604160
710465576527912960
709852754840297473
709778543262244864
709756499778740224
709750168950849537
709510704269758464
709479453320224768
707672495504105472
707657406097068033
707627123205394433
704347666096984064
704322330663714817
702986726684422151
702915069311623168
702616781471551488
702560373925404672
701804562655670274
700086996019052545
700083469469220864
700079071938613250
698669411088007169
698163557238771712
695297264932274176
694646261832667136
694618081331646464
694564818167185413
694226687513485312
692767129574195200
692414965081325569
690320588456484865
689887942375010304
689542313035612160
687692862251778049
687037514578788352
685556989682937856
685545325172539393
685447040126550016
685175268890247168
684450136894869504
682306946268016640
676863276911824899
1144636765610881024
1088946072381280257
1088880738022379521
1087870083370762240
1087716026106736641
1085949910560768006
1085570441622798339
1085542288208596993
1085288065273233408
1085202465081970689
1083477107798360064
1083099241281654789
1083077961316737025
1082766461515501569
1081183208224579586
1080977793582854146
1079101817760428032
1078775011320778759
1078680470123094016
1078425686350721024
1078030187735011331
1077572549754658816
1076644473894068224
1075912363776335873
1075806414738780161
1075490417431449600
1075126082423136262
1073310499503267843
1072567524011716609
1072474151414304769
1070709932910149633
1069719193472372736
1068738280840151043
1068167844188340231
1063467495338770432
1063467069918887936
1063429980770770944
1063078817114320897
1060892206473588736
1060890428344594434
1060527727181225984
1060178246808023045
1018903529258405894
1017576752124760064
1017453593585242112
1017157577438826496
1017063616783245315
1017061251694854146
1016380023970893825
1014294306520272896
1014225689770373120
1014141382343131137
1013938705634127872
1013925537985810432
1013871030530605058
1013862281074094081
1012786564307603457
1012744866504368129
1012661187157417991
1012406538332442624
1011967623670763520
1011630554654093312
1011289623593660417
1009881078373474305
1009448800933605376
1009128298646003712
1009071101903884289
1009043729699758080
1009041296063913984
1009018136601989120
1005458644165644288
1005458618991435777
1005069398707785729
1005062597526413314
1004786118557040642
1004532240028717056
1004375542223835137
1001108410354552832
999755397908041730
999664003596025858
998984146847453184
998927647756443648
998916457474949121
998592428943794176
996460267264462848
995989236313620480
994594128242642944
994203575701135363
994173095178067969
992494148853862400
992433621091876865
992369565253406720
991359968140984320
991278187899432960
990934069855883264
990004442719313921
989920896721850368
989589538682138631
989138158620233729
988464633530011651
988372773482450945
986931368818020352
986436762837946369
984510621461905409
984126348145946624
982244179446136834
980986787421188096
978647826858151937
978232386872848385
976846641138491393
976583457701875713
976178699283386369
976164268923129859
974632102326161410
974457493706461186
973875406016339968
971718989620633600
971128386679648256
971042085183938565
971042018347704320
969333120217616384
968891128975183874
968568795509018624
968201728142336001
968156025370087424
966307583165456384
964586786092716032
963408561161342976
963161936245469185
963072832610684933
962727972234022912
962525813362053120
962122044778405888
961990694679334920
961658908988334082
961001284793925632
959561403739893760
958720676315193345
958389500564115456
958379239396569088
958040563286204418
957782475127877635
956244022275858433
956236840079683585
956211003020185600
955474943881498624
954887780236169216
953964357376880640
953823589219930112
953277281589395456
952955345906946049
951604865926664192
951218921780273152
951155578809864192
951130901060177920
946856016276279296
946523364935512064
946472505400848385
943904417434296320
943579140736913409
943156831735681024
943134591703019520
939166355617611776
938828503021182976
938821363581833217
938477089363292160
938429222984540161
936271632754266112
935917829114736640
935879095572992000
932691131510476801
932645410958606337
931517250804355074
912241373847441408
911322804062162944
909936138600767491
908496466016182273
908445852607315968
908013481093357568
907712856644358144
906166077679431681
905083604883132418
901141936261693441
900399313108553729
898198738182787072
897163593271181312
896036504329478145
895658107917004802
895293268539342849
894939597158920193
894867214662336512
894634440206503937
890989626235781121
890641099844329474
890569794885480448
890201315225292800
889860869512978432
887677051490193408
887464615487168512
887443746215927808
887443047260319746
887296431282941954
886050600475033601
886044045683945474
886031523757121536
885911691464130560
885654959123042305
885169176960270336
884788092040871936
884770519244996608
884730690511753216
884556176465293313
883436734314401792
883405782099804164
862744261372104704
862309237501964289
861951564545753088
860168659846791168
859816847465750532
859467115648229377
859102811962957825
859033366653489152
858669575189258240
857684671190183936
856959206716526592
856914239239450629
856644615591604224
854008053276053504
852521845731581953
851510216931909634
851376510661480448
851057956493950976
850520724989243392
850379046672355328
849698338270134272
847866028348592130
845009978515734528
844919289496915973
844544029467594753
844295173580492802
844262469430329345
844197839785906176
843884992660979712
842367409772220419
842040440744468481
840245260253057024
839878418447597569
839859519077351424
839565407405150216
839527352598212608
826801056436875264
826597026439819264
826410808775176193
826401069005684736
824967108840796161
824706053501808640
824346327144398848
824101320105885697
823683887465398272
823670586077483008
823543297612378112
823538783983439872
822667619388059648
822450619118194688
822163577519898625
822134883162222592
821677574703161344
821528804749430789
821027451199426561
820054665157103617
820033453412519936
819991199213830147
819899365653417984
819660759554818048
819657239845867520
819540908391694336
819210086757367809
819196619086295041
818502723880583168
818110504694595585
817402108605562880
816766982435573762
816444702656516100
814817992244658176
814607087586123777
814598144436695040
814571506214772737
814516076386066432
814456187999703045
813416272960585728
811647790887686145
811572586761089024
809790301736935424
809473326821376001
808721105242484736
808416272396546048
808386146883502080
807268662587559936
807258340216729601
806924349517205504
806652093973065728
806618974473613312
806175658820956160
806099323985522689
806095199881625600
804738429376462849
804707352670859269
804369667619950592
804138765522452481
804051916095418371
804023146475122696
804007291771088897
803674996413497344
803343997867585536
801464692132679681
801054263711387648
800775996014260225
800005905995546624
799707881780215809
799300598961053696
798931193521721344
798182950349193216
797513093702189056
797166767059640320
797048099411791872
796727932173647872
796356980269060096
794600359016665088
794183579647545344
793513106697818113
793198409775800322
793113639561654272
793094662424637440
793047879799672832
792878822710452225
792365609384370176
791716329912958976
791650679773429761
791303795447853056
790916039991328768
789541971186573312
789511719261536256
789106455865597952
788802130555596800
788758703990251521
788439740223778820
788077342929321984
788015044822990848
787715052673593344
786990238505824256
785900666447339520
785864478592208896
785844589227806720
785567273922822144
784073655978455040
783776839265312769
783736163647512577
783689479919964161
783403952658325504
783366400853278720
783018952440049665
781941180128960512
781903433259421696
781533239861063681
781245519733596160
781176830376153088
780799446758088705
780397958567235587
779380031923642368
779002775539679232
778963081288380416
778685199773085696
778635176037511168
778603433272107009
778591807919849472
778262722421071872
778257298783428609
778232365353140224
776477417066070016
773822767460413440
773639456058384384
771832048038412288
771793238730473472
770717571360362496
768836879156404224
766713922497937408
762704368919425024
760858413668663296
752561651916963840
751357988384845824
751180316002377728
751163924003913728
751130907537539072
751089036056469504
751056891703361536
750714949228457984
750698804454785024
750628334975930368
747810962556739584
746097743215603712
746069786501734400
746004835292553216
745956087556354048
745930685307830272
745692116051955712
744984607389454336
744941029367885825
744895272761827328
743856119425163264
743576434854273024
742746442767466496
742720035165249536
742460011415281664
741282914466418689
741021411989442561
740921763412987904
738844128797151232
737950581675982848
737945265009795072
737810453745700864
736241327977967616
736222181617721348
735549323388276736
735204006675525633
734886118806654976
734751106300055554
734061818407211008
733697844884983808
732674003006050304
732627667883859969
732278041729216512
732226104656863233
730809899844812806
730801758092558336
730800063316889600
730490828326588417
730150850509869056
730116764491747328
729727594732638210
728246794250010624
728246502259331072
727966931475697664
727844678675107841
726128719715262464
725732122993037312
725694036405850112
725402719926800389
725015305395777536
722435907601711104
722063892881518594
720698888173330432
720680132218892288
720392623777710080
718467312068726784
714867528275795970
685501129950674946
685453158546563074
685234579729416192
685191481854947328
682372372956098560
682326455255195649
682225376429535232
677548002567954432
677171863890563072
676472973843423232
675055066081046534
675046617779724288
1207319892694913025
1205523821899456519
1205230633196433408
1204944887369609217
1131264725814259712
1202614121923072000
1202324249102430211
1207129044678008832
1207035323169083394
1206717481370497024
1205520837400510464
1205474423349923840
1205211783226675200
1186996411432394754
1186700201756631041
1185350108763840512
1185290121169510400
1185256514577207297
1184514821645127681
1204784268158930945
1207319476628312064
1207117851267604483
1207082156788473857
1207050417621876743
1206990619656237058
1206961170638409729
1205510677051383809
1205193653662162944
1205130809776189441
1204932950443397121
1174330942070185985
1172171114228961280
1171891531478962177
1132999088323080192
1087824808828682240
1087392993445855233
1086284720026124288
1085937326814126082
1085932085636927488
1085233116275453953
1083730243020566530
1083113145697292294
1083083581071724545
1083061432500084736
1083019396686245889
1083015737436983297
1083012206722207744
1082990488121163776
1082341272789102594
1082313701053607937
1080970987410214917
1079101383155036161
1078621689334980608
1078419020628615169
1074745672929329152
1074667640688402432
1073604125168934913
1072874682980990979
1072596989127340034
1072520955547803648
1072519694870032384
1070398548334776321
1069771247133908992
1069697749069807616
1068147564292333568
1067519732671283200
1067460766335475712
1067055077695922181
1064639174828007425
1064532192792072194
1064527274551242752
1064296628725665792
1063502361929441280
1063105910476890120
1062392092448735232
1060547574376132609
1060542581673734144
1060542565148254210
1058417665075757063
1058350610922258432
926427784754409472
926192391782109185
926111697517113354
926105152674762753
925772135615942656
925770620297777153
925769644383850496
923656727958040576
923644518456537088
923617894440886273
923572638001389568
922947831262048256
922855084735770626
922834538597879808
921088773089357824
918828527893573634
918446623268761600
918181429267320843
918141839580033024
917870030410436609
917838457841610752
917475617825804289
917429004520640514
915397356824285189
915307442833170434
915222079045283840
914816145936482304
913928838215847936
913112216781688832
913043328626757632
912753695091281920
912342521749082112
912257732945879040
911666746469310467
908685455062904832
906190082402603008
906146269462241284
905144871945736197
901075061389524992
900419963743346688
899974293727178753
899652194198142976
899573570669563905
899443598017658886
899360331667058691
899234726573113344
898554647811698688
897861272829652995
897447648139071489
897176959888883712
896046640011915267
894949792232681472
894512416008130561
893098524719665152
892051085753450496
891006852758155265
890956149238923269
890906964288557057
889841358256648193
888041888749686785
888009998042845184
887783903850885120
887747438181834752
887669941624872960
887310814381789185
886058031972319232
886045607617495040
886031861046226944
886030443228868608
886026923247366145
885993683669196800
885278481176821760
883422136194539525
879344902949261312
878012623496900608
877958761578586112
877864866194661376
876920491948122112
875607331739885568
875377936878231553
875146251729338368
874968909346111488
874716860448636929
873178920220274688
873139004664934400
873138594919088129
872971058567053312
872823197347008513
872817385006411776
872775554507956224
872576437160747008
872463717044236289
872455163918917632
872153758481952770
872130129132179456
871765533921869824
871760530813407233
871491122643783680
871469144234917893
871430473796521984
870688787721986051
869633258979565568
869596858620014592
869240341538406401
867762829683814401
866643028689260544
866640962789027840
866639899239346178
865978038240116736
865975263389265921
865233996258717697
865233691836116993
865228245108744193
864945266184650755
844861484706390018
844698920454426624
844593947443953664
844558654460309504
844227532387991552
844186938164895744
843836030251864064
842519826333667329
842446178805522433
842415501695430658
842102659532390413
842012624934047744
841980593286053888
841621963562967040
840585108860129280
839900416968110081
839871333089570816
839808334257668096
839566847842320384
839524661239119872
839112769983098880
837090525190709248
836962338318209025
836789595543068672
836656794860683264
836645636002959361
836556851982520320
836374163791183872
836303695700766722
836256949943566336
835322887867355137
835216235126276097
835118443036803072
833360097929809924
833097613029294083
832651799257546752
831136092288118784
830144419424772096
830073670810877952
829770308827639811
829741398849097731
829503566553477120
829488169548668928
828975834589442048
827564862259724288
827536874482843648
827508965693079552
810922889247596544
809836220419280896
809742149310877697
808327514129055745
807346334214852608
806968158825435137
806936596784279552
806551497714651136
806529593381388289
806226872715640833
806110291603980288
805838905341857798
805793375739904000
804374675052724225
804069112066560006
804037461357821952
802588046206103553
802532325917593600
802512601829679104
799634055528587264
798939935134851076
798911300697030656
798878752650461184
798668936128516096
796369910079324162
796003470008582144
795779425778405376
795666703006965760
795658253787140097
795609897765371904
794554607439671297
794283243122081792
793857419562610689
793825402284146688
793244500319727616
793094744016433152
793039941370388481
793038667182841856
792089532661374976
792063699020312576
790976494814236672
790644195908317184
790583801583898624
789835133545172993
788357290604699648
788109927038328833
788047076814888960
787684902166794240
786944004416008192
786931636256505860
786265404549234690
786220440314314756
786208613329240065
786022697746640896
785973390398132224
785936131099619328
785855118298247168
785803404635320320
785560636461768704
784394196862005248
784106171288387584
783764161478201344
781946869844938752
781584467991400448
781492828585201668
781446649335939072
781125541743112192
780965678320787456
780859859386429444
780739144142192640
780437092480540672
779407249383063552
779034717534449664
778993640328798208
778949660627066880
778647770408296448
778632103432970240
778628405826883584
778564611838795776
778559327502303233
778549681550946304
778277690205962240
778194668295184384
776126515423633408
774209646206648321
773889499294302208
773482857234825216
771813542571941888
771413815808389120
768560466524340224
767841237953110016
767752000272408576
766370656481058816
766267183865421824
765974956626808832
761623259641176064
761592802576855040
761273204958789632
759064310207447040
757912015297884160
756628245064273920
753744315554275328
753603810661109760
752906196437303296
751433730896629761
751425010972123140
751163191829331968
751160204310568961
751096098610176000
751018454715600896
751007508618178560
750749721048809473
749947939863207940
747948379062345728
747468276243046404
747431983211511808
746174043540205569
745990225499938817
745967375942561792
745943083502579712
745936754411114497
745930914669137920
745703732726345728
745293673429143557
745265954813259776
744902602660384770
743145600481374208
742834036331171840
742740726430236672
741310373853310976
741285731059007489
740957543497883649
740928655304577024
740906578019241984
740901204620890113
740584330603417600
739856757070123010
738115055343001601
737756144601554944
737324747999064064
736195739399950336
735899120657956866
735870367366062080
735838033426165760
735498273914490884
735205031260114946
735168758713622528
735153504118026243
735115018493136896
734886612929241088
733019442247020544
732633329195945985
731135122804756481
731121681100623872
730937406300536832
730880410599759872
730860229370494977
730766384527970304
730481260255191045
730469060379594752
730423977013850113
730130855969095680
727949563173154817
727931496053522434
727572193153028097
727512357761650688
726093734971060224
725712599522938880
725382868566990848
724680805478469633
724642015691083776
723519522695700480
723514701087444992
723247245353705472
723159160985128960
722833107146117120
722800963795492865
722757030621102080
722538472402247680
722498777349795841
722489790097190914
721839932944293888
720979475794632704
720334303520010241
719626214315597826
717751234770378753
717404586068295684
715928324195880961
714879216957960193
714532825211478016
712738410881015808
697829687884701698
697773230266798081
697457372101525504
697451725746237440
695623515802857473
695253274874798080
694899089939496960
692188142376521729
690547959784722437
689541958751145984
689528823818391552
688381445275004929
686955708248625152
686927005372313600
686620188138172416
1108805559556493313
1206761066069401600
1205539612359307265
1205500596977094661
1205483176245780480
1205174501094367239
1205153134374531078
1205152301196988416
1131225367522533376
1131192026421178368
1130896846535254017
1057826963627405312
1054448506029727744
1019193749451300869
1017879301318938624
1017544332289740802
1017518875552993281
1017495183259262977
1017482194275749888
1012320270554730496
1011985434040205312
1011624689691779072
1011583691456503809
1011563825873739777
1010232357369065475
1010158500553601024
1009835717793546247
1009805876079857665
1009180697435701249
1009040495300005888
1005146275724038145
1005083806448209921
1004729930142437377
1004064325508755460
1002625921151635461
1002568265510604800
1001889411565608960
999690445243461632
999664534972493825
999462521105977345
999060823770251264
998950975518932993
998944917547376640
995997360596627456
995685977329938433
994997915897745409
994203003841335303
993958833272885248
993884703055929345
993531387922829312
993519397028401152
992437101542113280
992433846384766977
991745220760006656
991376096728961027
991370394950160387
991367671945056258
990893729924993024
990251645169750016
989572603005325314
989537867906076674
987054286906560512
987040401881214977
986990435368361984
985893995896299521
985861668226916352
984829777822601217
984559255561953281
984091325044797441
984086627403358208
983805916070989824
983345755573407744
982305474690203649
981530915292827656
980893896774508545
979741838587453440
979037203123920896
978289711457492993
977257482975416321
977153727793647618
976926342250983425
976881334915395587
976875780734152705
976829645629870080
976772927612948480
976508678600785922
976491946439999489
976477783537930240
976455572441763840
976416269078532096
976408667464577025
976207601946984449
976181019941490689
976129501188055040
975740550077976582
974705055042605057
974370351470833667
974284817222250496
974284199757799424
974246998390996993
973999514469183493
973712290037018624
973659932573782016
973638226748624897
973279782950653955
973236742764539904
972153098117484544
971483000620843012
971425504288010242
969171619733295104
968957802122301440
968571414600089602
968449534576734208
964537707971084288
962400998508638208
961941504808845313
961588813771534337
961229627028115456
961200472710369280
961200346910609410
960952127416946689
959421384471478272
957960822961078272
957759563092111360
956608140925198336
956182495120195584
955493205675560970
954358334005620736
954143457760763905
954006682866192385
953658071464726531
953429404440547333
953290180592578561
951850430509789184
951834633460580352
951544657313492992
951196215567405057
951102671070617601
950776572482609152
950730899783667712
950515834321063936
950459984386707457
950404012557459456
948939515107921920
948619096651902976
946518666614632449
945960093769715712
945657656768942080
944242942205677569
943541898001698818
941646646202585088
940967920330567680
939180621796167681
939174058037530624
939165262863007750
938933752868286465
938799603293581317
938510500203294720
938129429959794690
938033997225000960
936622905194147841
936622876484145152
936613899939516418
936609499368034305
936596622879969285
936575036789592064
936267918559580161
935883948751773696
935876226195099650
935184426836873219
933725300617334784
932637354556317697
932605170256629760
931533694552236032
931519842804469761
931505530610298880
930849496061399043
930533395544920064
930025645933023232
928720801007796225
927263649747652608
926489200937062400
912005093435768834
911947921935028224
911261049902551041
910143783932702721
909843737706196994
908682444517314560
908480965332361217
908288307041370113
908065928184709120
908060430744080385
908026275670962182
907205958337810432
886028954150346752
885143082995519488
885142678010302464
1131206225780236288
1130644917099925505
1130639452727074816
1129418857213583360
1129347449217265664
1129168573933510656
1128694636657217541
1144291407185756160
1144036868100689921
1143976869479493632
1143908075088359424
1054376158664540161
1053392376063057925
1053360247946076161
1053005425052930048
1052650380725768193
1052572110441406464
1050374832578285569
1050173010605428737
1050128849206435840
1050036257018052616
1048260139818602496
1048243208906575872
1048006281452244997
1047939488197087233
1047571827705483265
1047177230273658881
1046759560088825856
1045683752997916675
1045678383923892224
1045469324335616000
1045365979797106690
1044299195077799936
1043485192168587265
1043120274286239744
1042216796328275968
1040635624523526145
1039977958860091393
1039887286643687425
1039497652663185408
1039329825331273729
1039257286882062336
1038047145360846848
1037792638265696256
1037771666816987139
1037726967322345474
1037726647397638145
1037675299318767616
1037343047732940800
1035225067003813889
1032325795782508544
1030487703488475138
1027226408819613696
1026591900000837632
1026499624075505665
1022486603380531200
1021863666914926593
1021753390223765505
1019673240703291397
1019598313375567872
1019573566625517568
1019325690917933058
1019263990172651521
1019167984777158657
1017475067704479751
1017464800232857600
1017064564670844928
1016663229458763777
1016489789988667393
1016468599769387009
1015293704737878017
1014226550563143681
1012509842236428290
969254826516336642
968479119242559488
963880161610469378
963829682188759041
962529871707738113
960599433066041344
959494564385054721
959134376629096449
958692287667736578
958510898984947719
958074067793346561
958004033461084162
958000089162833925
957947666213888000
883151051699957760
883149526483308548
881896782250352640
864852245480955904
864487269335486464
864148513621520385
863039380205838337
862708691396636674
862670303280889857
860505112242003972
860161922267832320
860121414434787328
859761560838909954
859056666746269696
857701035170824192
857404158726594562
857229924977037312
857229001793916929
856974174971154432
856847433418113024
856833695491215361
855116425320701953
855068942154518528
854314638032474113
852862855372308480
852667218575994880
852572992748101632
851815577308057600
851428963998150656
850364974916673537
850078346679635969
850078175224881152
849978196971970560
849623304860291072
848928246032982016
848540903509823489
847165336243851264
847158384478601216
847098578778701825
847080279315529728
847078650021367809
847030508626300929
846687691735470081
846401013691138048
845671646065311744
845422897518776321
845418935428243458
845395853997170690
845297951962546176
845273621505413121
826524226664427520
826475324166791173
826388558344757248
825091984322867200
825019593295003649
824720588249956352
824280216428281856
824269139414028288
823928496078618625
823906701778841600
823895280684826626
823684166906761217
823658850855354373
821560967603613696
820033800306642945
819539556189999104
818829661081927682
817389082821140480
817373946966396928
817163502687232000
817026860416634880
816370611194920961
816358639862775808
815431706526228481
814817695485067264
814798550601240577
814792132191985668
814657169912164353
814583068568813568
814314599164116992
811632480717512704
811285182829445124
811249466544160768
810943033898373122
712715746481213440
712667101794799616
711878087986708480
710194392208941056
710184575432069120
710106077581467648
709765230654525444
709741989495967744
709406056787648512
709085191659065344
707626621755330564
707626319299923969
707622908793856000
705759424711827457
705103865478324224
704393427723620352
704344217489903616
702996023090782208
702951011770621957
702865144804732928
702620030861778945
702574725017501696
702558481748992000
700393905754415104
700076336350625800
700064351588253696
699591498996719616
698639175344455680
698219947563073536
697866311624478725
697866033072316416
697834956165402624
685453766984921088
685181609016950784
685068755882393600
684859357549432832
684406427067244546
682776994849886209
682305818239315973
680972296325062656
679632890393706496
677623655216582656
677619487995207681
677613275174039553
677585647150997505
677525588664524801
677502720450953216
677246055789015040
677217527295004672
676791878155681792
676490328271138816
675374816426332161
674969175052443648
674709954532614144
674266000066543617
674258815915827200
673933339317960704
1109822418120527872
1109103999754661889
1109102051135504385
1109092501321928704
1108381717327462400
1108378713534672898
1108807017706201088
