1130938507306971141
1130469646249996289
1129190954550943744
1128716832721051648
1192081853353799681
1191890441601310721
1191820881644982272
1191711681682067456
1191494491364110336
1190055535233699840
1189906203067002880
1191354839315427328
1190747114353156096
1190423151953555457
1190273924946448384
1189970869046718465
1237808354279534595
1237804883283148800
1237775345618767873
1237521248839536641
1237451409634865154
1237098542239449088
1236405127843545088
1236105212106100736
1236054698144272384
1235955814252326912
1128707361152086016
1128394855342800896
1128328474693967875
1244758199246499845
1128080226548965381
1128058617071054852
1244663572103335944
1127967142681423872
1244401249497333762
1126965627061542912
1126903193680609280
1243615689803534337
1126613544970145792
1126569009573453824
1243247305010135040
1126554446920658944
1126209264073281536
1126190028198223872
1233053859322437632
1232700400035299330
1232476346934161408
1232088489535164417
1232069441590042624
1231954374206902273
1231693746393231366
1231000588562915329
1230557854043492357
1133729081353228289
1133537596523667456
1133429360998985728
1131663855770308608
1131265882984992769
1243931955483365376
1243526081409400833
1243254357447061505
1243227098975739910
1140969566425800704
1139531394361823234
1139279033684955145
1138944782183608326
1138878833451511813
1245735120474169346
1245533296089534466
1245451805393371138
1245418119629344770
1098275980450369537
1123408265000443906
1123202763775721472
1122993215987228679
1121860111604035584
1121824499421327362
1245014556805562369
1243988247467962369
1243680669718454279
1243554029529174016
1243303697041502208
1231400575645954049
1230582318319968256
1247907781639917568
1247706599487135747
1247648504299827202
1247539255091453953
1247214906732134405
1247179717666639872
1246544087370563585
1246445545159344130
1246089181463564295
1245843327489957888
1245756469112422403
1248301902116380675
1247939395530997760
1247890914413928456
1247664000227254272
1247639012766081029
1247574907929706498
1247257899791003648
1246492480192884738
1246186653716221953
1246123411123900418
1246110657327529984
1246073298972180481
1099469739166978048
1123359963747893248
1122932620222959616
1122138151630327809
1121404383420461056
1101518899445673984
1101307162045923328
1100924023750488064
1100924022659928066
1100788600973770753
1100542686740836352
1100542685352521729
1100419785748287489
1100223243213066240
1238095188268126210
1237927695494897665
1237927694530162688
1237462819387342850
1236369768065773569
1236009982316904449
1235944438892986368
1200141381735518208
1100788726836408320
1133018411506774018
1131347588588986368
1131269263505993731
1131268795866255360
1131268660910276610
1242132891385106432
1241902534572326913
1241484768056918024
1241123648485851148
1241050502294536193
1241010969448525825
1101244797929639936
1101222167230992384
1253326876229042180
1253133844280217601
1253059834439700482
1253039632507449350
1252991047585669120
1252954194761469952
1252757778386563072
1252738124880515074
1252621442585448448
1252313815296901120
1251195626005630976
1250892039736168448
1189568984770842625
1189192661330120705
1181700382973743111
1181319565235634177
1180176785058779138
1180150283399303174
1179889404795658240
1179886026589921283
1093991957913890816
1093962334022918144
1093516444447502336
1093228991509643264
1093227988215386112
1092885273745211393
1092853801101463552
1115343459827761152
1114258435044970496
1114237466503012352
1113618304055246849
1199725572206796801
1199004502755557376
1198755139764604928
1197300022645346304
1197258317887868931
1097903134247137281
1252293765114585092
1251213622904270850
1100807679017144323
1100790360220098561
1151502664410259457
1151199299721728008
1151198921420693504
1150053824226353152
1149347780479062024
1149069316098285569
1149016062891036672
1149014888720805896
1149014775285899266
1093998658092261376
1093228157728161794
1093227694148460544
1093202304638115840
1093007600894001153
1114276067777351681
1208820791753814017
1207791537180028936
1207726234593038336
1131021082742407174
1130961716026728448
1130869893891592192
1130590450342092800
1130528202366095361
1130490401566203904
1130204272291926017
1129852263416172545
1129784682273542144
1129535676876304384
1129093362622095361
1189167377872818177
1188889820065648640
1188455307623747585
1187707883535904768
1187487028432326658
1187453470707765249
1187150674129227776
1187061997428449282
1245475981982343169
1245367938414190592
1245341423416860672
1245132250678788096
1245069649945001986
1244695179283632129
1244019386274414595
1243701438238330880
1243593759352401924
1123210392916774913
1123028643385683970
1122983899003363328
1122649826917851142
1122602722954498048
1122562421896486912
1122190159762599936
1121766050327085056
1121507922490662918
1121197748064329729
1208109057766252544
1208062513931333634
1207771366117838848
1207386767680266241
1207369694115700737
1130938496707964929
1130469647701159938
1129048883525574656
1129029274990727168
1129001047903461377
1128730756992380930
1191869214656794629
1191869199863427073
1191849448122523648
1191806785012871169
1190819437051600897
1190765102468874240
1190371831297052673
1190055536257048576
1190016103583498244
1189881721417879552
1189617336648638464
1189591860701999105
1101480704528080896
1101307161060261888
1101251541435105285
1100504794010136576
1133450800393588740
1131536935145672704
1131269120979288064
1098264555266936833
1245090716180758529
1244793017908842497
1244793016885411840
1244345021790326784
1244320835562885122
1243577666718007296
1097989811934248960
1097897546511511552
1123387708745945090
1096181419775270913
1096181417267073032
1095778169888624640
1095742540416978944
1095517598408691713
1095378821308665856
1094334489222922240
1245705965544112130
1245401211429322752
1245387102923239425
1123376486604582912
1123334863728402438
1122972344392343552
1122226981242843136
1121870629513367552
1121788122042388480
1121562058070343681
1121232723295776768
1121122362206892032
1242938286055862276
1242916442791649296
1242799893846122497
1242567042995294209
1242521693517742081
1242460106295521280
1242444688193392643
1242197637643763712
1242114379270807553
1242084154961014785
1241878264337096706
1241533608537587713
1241444992826171395
1241158283685134337
1241110410536923138
1241072117157937152
1101953865593905152
1101905463917068288
1100867060622594069
1100790052941123590
1100788368319881216
1100787845088899079
1100542688200478720
1100484230507884544
1100394961613320193
1099748604959440897
1181932838096162816
1181700500733022209
1181281685985476608
1180891150074425344
1180561252592082944
1180480646512291841
1180204926951141376
1180126909780377602
1179858312134877185
1188522393599401984
1188224722972106753
1187824075860828162
1187471866107068418
1187183772099321857
1187134659374833664
1187105382747004928
1187063001737809922
1187062603866095616
1187062487054725120
1187062314312314880
1187062250382790657
1187062051283361792
1163570408962043905
1163215066084368384
1162783461125558274
1162489877721690113
1162478730868142082
1162386024414294016
1162015841560465408
1161726899304972288
1248236236327669760
1248006837015732224
1247989836826451978
1247967038179545094
1247619985142362114
1247570538274467840
1247515586315370503
1247289057304084482
1247270999306973187
1246207538267373569
1246168861789093889
1246123415217602573
1245796088621215746
1243020582708547585
1242872496044597255
1242834617859792900
1242608905651400704
1242585224845934592
1242498523565785089
1242478042150244353
1242230310181404677
1241833152114499590
1241504837675692032
1241141637528670209
1240986608918310915
1240805379463884801
1240746887646453760
1240724937377222664
1240700143256489984
1243154609188810752
1243020584218505216
1242991047904333825
1242896636684242946
1242630339853516800
1242184417201786880
1242155945091911680
1241878262986551297
1189513180067840000
1241772603678887942
1189260578172362752
1241750320230866945
1241420053641388034
1241391686330302464
1241359670767423488
1181642940197867521
1240772818742259715
1181281684064538629
1180955160400613378
1180637972938530817
1180199858755555330
1180126908291469312
1180126906756321283
1180126904424304640
1188167271128227840
1188077821903556608
1187385696509681667
1187351349463322624
1187150675026808832
1187150672694824963
1187063125759135744
1187062897853292545
1187062417001459719
1151502662959079424
1151172533665849345
1149777436227395584
1149326909874036736
1149119562207678464
1149093850310483968
1149015219324280833
1149014734328487943
1151257262348034048
1149411287220269057
1149358252246937600
1149015355605553152
1149015295006248961
1149013964791189510
1237864177621970944
1237804881135783939
1237462817898364929
1237392292765302791
1237172727901040641
1237151599551709184
1236821513938055172
1236821512499400704
1235673081340813313
1132346956616011776
1131565235100364800
1130926878947201025
1130826559726792704
1130590449171947520
1129742014789115906
1129507579279892482
1129122083911475200
1129012737504436226
1128743659787235328
1237846928177553412
1237804884877074432
1237740634305368064
1237495359900921863
1237085082025971712
1237031890407866369
1235646770702692355
1163970385999777792
1161794087307141121
1161693452788277248
1163630488759746561
1163505811437563910
1162043532019982339
1131977327628435456
1131741534897037312
1131633660174753792
1131269337065697282
1131269174809042945
1131268960060628992
1131268874651996161
1131021235654135809
1241091107141947393
1241081988527919111
1241021705344225281
1189312203121446912
1189293253776068609
1189275289794289665
1181562576599212032
1180169170731839488
1188922734308405248
1188809620120375296
1187846254782537735
1187824076842328064
1187740785619472384
1187062200550252545
1141362955956740096
1141100536437071873
1141000876582199296
1139263979363151873
1138895070457933830
1141018363499614209
1141017810983968769
1140735678415802370
1139644361510215680
1139221783121453056
1209239716975063041
1208873301600329728
1208437990835535872
1208109061658599424
1207801078181515265
1207745483176841218
1207726235557740549
1207441791705853952
1207441790720196609
1115751747581034504
1115721550353895424
1113805549358014464
1093898448649310209
1093228634033266688
1093227518847582214
1093227429563416576
1093227243978002437
1093220703191646210
1092895610573852672
1092794398625153029
1092594876888350720
1096204946234593283
1096181418739335169
1096181416033955840
1095517589072158721
1095391861399846912
1095355099155759105
1209481164140040192
1207791527679942656
1207353756783915009
1219003381408325635
1218688192083382272
1217968416025456642
1217945101927886854
1217918169396006913
1196611793659027456
1196555474746978304
1194653694576545794
1179053966828720128
1178795884827611136
1177342606143086594
1177322504064552961
1177246613594468353
1258137092422602754
1258102816419319808
1257808398755790848
1257788793614188545
1257774261487333376
1257719127554359301
1257707167899099140
1257413400184983553
1256659978791854090
1120749457920995329
1120414849786363904
1119311307709272064
1119020282700713984
1118908282977103873
1195463734162075649
1194716493944098818
1103365871551086592
1256983618515357702
1256274877096525825
1253072526529441792
1253017640001507332
1252786183588937728
1252720323776126976
1252699907531649033
1252604689788604421
1252588140520517638
1252405736262361090
1252381301492969472
1252269790384791553
1252245499920420864
1251889071586238464
1251630439636312064
1251529720489029632
1251247256545746944
1250916786964434947
1250911177066123266
1194370415545724929
1194355779035377670
1193946917765603335
1192951443017388032
1192866952441737217
1192263749538910208
1204529844719108098
1120400993609502720
1118688093484093440
1118671251076255746
1204038514859487238
1202721805993226240
1202698209753255938
1202291263858466816
1202290597706551297
1258394325098082309
1258055662464049152
1257774264851345410
1257696635162951680
1257687587361259520
1257666378473058304
1257308770264203265
1257083224054009858
1256698823004622848
1256620407937019905
1256218225748201478
1255978673146146818
1126819179774894080
1232804379318722560
1232743752806084609
1232445197386055680
1232373978926342145
1230970506129690625
1230608408748883968
1119257861392084992
1118957099646636032
1118935496225382401
1178002801869381633
1177671520350560258
1177280276449378311
1190399529968918528
1190055537263677453
1189961320940163072
1189922465704755200
1189661629077696512
1189639318542921728
1189617335759462400
1245438293648584704
1245112118602579968
1245052570588102656
1244998623911346176
1244750682223190022
1244634244061769731
1244401248561967105
1244334564945940481
1243954800745746434
1243641662309572608
1243602234992144389
1243281298887708681
1096568011752906753
1096181420735762433
1096181415362875393
1096127852494405633
1095795442074431489
1095155297914630145
1204771206731354112
1204516391392550913
1204463617850122240
1202628207775813632
1202330511441567744
1202301772678750210
1202290789117759490
1202290665373216769
1202290420941828096
1163970387660742657
1162058892211314689
1161767929656020997
1179400410781638656
1179096049916534787
1178116773050290176
1177376195492614144
1177322505016610816
1118235636329340928
1117772842333024256
1116087690548666370
1119978489090924544
1119235678263492608
1118671252045037570
1217203184176893957
1215389690221727745
1174304989004673024
1174095691066552320
1173984871611588610
1173734696125116416
1173734665217368064
1172943829177110528
1172230866636066818
1109625990890831872
1108887237205377024
1107721480262037505
1138840791609163776
1138606692562866178
1138561082883268609
1138107824574275584
1136753779322302467
1136702646230888448
1136625052940718082
1136625006182653952
1118262251239170053
1117851337998446593
1117805018466476034
1117609761543991296
1117531994118938627
1116788473564991490
1116087691723124742
1116074145765384192
1116037975501156355
1116037100149846016
1116036828228980736
1115773891908198400
1170039136306245632
1136051834987188225
1134639643562037248
1134580313617707008
1134514604791468032
1214648369215344642
1214566515124523011
1214246840377528324
1213155228717142019
1212947085512921090
1212855433377042432
1170011020728971265
1103466555873071105
1103365619737612290
1103365451306934272
1103363578478891008
1102724700910874625
1102693813015973889
1102668187311710208
1166736046115213313
1166123908682178566
1166054591336734720
1165440105399668736
1164978253439873024
1164964797877837831
1164626160283791360
1164566576147894274
1164311983300046848
1234879934650363906
1234568225129717762
1233492576419930117
1233475192124530694
1233134042717073429
1233088599266070529
1233062985087770629
1109513109645996032
1109240499846684672
1109220958836060160
1109170783950131201
1109119785680490497
1109085220907692032
1108865872922324992
1108832943944990720
1108830527551950848
1108725429500821504
1107752857418321921
1217468329184702468
1217157564917583872
1217121485686562816
1217083628037066752
1216109025634521091
1216015222881865728
1215687100277952513
1215275649004339200
1174061580255944705
1174061579047985153
1173656702002126849
1172996849701183488
1172908321126400006
1172252790846033929
1172151718626385921
1171503956184293377
1171503952791105538
1171503946747088896
1171177794392547328
1171056077762453511
1170798469352755200
1151307713743339520
1151198462144339968
1151172532562812928
1150531400430473221
1149015924219006977
1141329516087914496
1141063539911733248
1194632541946335234
1194324192382144512
1194062083299655681
1193544515535151104
1193226938220986374
1192552603210723328
1192263745252319234
1192177058014810114
1192116976337989634
1248253935414099969
1248040242822754305
1248026146479968257
1247978601573691398
1247920892551856128
1247874074442956802
1247628855281672196
1247593857036017664
1246939692400087040
1246858352312926215
1246141199993503747
1246123413464330240
1245831326688739336
1245812319503908867
1245779342552182785
1118984879633502208
1118866890976264194
1096099422553939969
1096059148314259456
1096059147307622400
1095817893978271747
1095742541457252353
1095439681750212610
1095403571972059136
1179027139972218880
1178779509753094146
1178705058856177664
1178691703299022855
1217968407712280576
1217858102629949446
1217833283200917511
1158781804993765378
1158160151033077761
1157373963967827969
1156970974136414210
1156900570424324097
1156679104168681474
1104149793943838721
1103795557557043200
1103775446234222592
1103696208634302464
1103365983698337796
1103364917447532544
1103364713507893249
1103364625503043584
1103340803655647233
1102757694467948546
1166017470647472128
1165414128573407234
1165291925454426112
1165022771862278144
1164336508091949056
1164203585716084737
1118513233042792448
1116828209243283456
1116425268145659906
1194339042067795968
1193516079957585920
1193188037271937027
1192831319979495424
1192552602195701766
1192552359660072961
1192533923101913091
1192492972803268611
1192202527867129856
1219279831159967744
1218222711014678534
1217903133193572352
1217809618035970048
1217513319428501507
1217485222603902977
1194038015519313920
1194026866220380160
1193999296166801410
1193226948383793153
1192900269069217792
1192552601222623242
1192263751497605120
1217226856669335552
1217226722984243200
1217121482721153029
1216803906199617537
1216733587195748353
1215080973446139904
1215023223588438017
1214997573800468481
1171503957664923650
1169361239019053056
1258383687080697856
1258173993632309248
1258155234054062080
1257774267510542336
1257774266453577731
1257459597314600960
1257396943229259778
1257338487151493123
1256336243656241153
1256023742532194304
1255992180243660803
1255927301834969089
1108010171241033731
1107661377819340800
1094033541485219840
1093962334975025152
1093228107291594753
1093227322898087942
1092973793151275008
1092567589014945792
1114183585114796033
1113974138102792192
1113580822559379456
1136028041631678464
1135964276617879552
1135944682188488704
1135897290626011138
1135654604681691136
1135628652044009473
1134596238848999424
1134593902164553728
1134528912975912961
1134496720044384258
1134180889183825922
1133864763207933952
1133779090568339457
1174304990233595905
1174076630559600640
1174061581619159041
1174043056175296513
1172532871736823808
1172222432612106240
1172161953873219586
1171908754075475969
1171872827164844032
1109544924331106305
1108392688909459456
1108392682764861441
1108127004900147201
1107721481340022784
1136008770872627202
1135944692917526529
1134543877862567936
1134467448428802048
1134203928005021704
1134137709302288384
1133804059146805248
1215764465305772032
1215334011163246593
1215023225547169794
1196501484415963143
1171789016703885312
1171503959124500480
1171503949649592322
1171503948227723264
1171481376748527616
1170748976439726083
1169706936083898369
1169603934027206657
1169334220893896704
1179433044895248384
1178779512080945153
1178779510935826433
1178742506814627841
1178375404442263552
1178329753117478918
1104070293969096705
1102975124276461568
1102255669355401216
1196927991990947840
1196927915847561216
1196570991129960448
1196455308442439680
1196147896527269889
1195880032197107713
1195446637809803265
1194993345388515328
1194742776354803717
1178073723250909184
1177628838412656645
1176988832350257152
1176988829431074816
1166346732646670336
1165440098512592898
1165239096131891202
1164894330722631680
1164232630675693568
1128638662076354560
1128443111322083328
1128404351708475392
1128363870916153344
1127570888306647041
1126929977709088769
1126837792649228288
1126526725335203840
1126244046928789505
1126210272241356800
1126209828739866625
1126209129167622144
1232764654973112320
1230547768927752192
1157810890089074691
1219656059838660610
1218222721026445317
1217927047483482114
1217592592092794880
1217592591031721985
1196910428938473473
1196787639300624386
1195880034755592194
1195356161744277514
1258189659622047744
1258071555579564034
1258039227285229568
1258030349881311234
1257375490681245699
1257048910125817858
1256581485555048448
1256301671711494145
1256243001963266048
1255948930334044166
1204576112254357505
1204415725344972801
1204176984642932736
1204137890122551296
1202991028162252805
1202370832305197065
1202349294189187072
1202291188096737280
1202291059226742785
1137178594273353728
1136753784913375233
1118299676330143744
1118242009309962246
1118189630648614913
1117944389471547398
1117137506363957248
1255891678881370113
1116363738704154625
1255286767357505537
1116106546977673216
1255254175514009600
1116037307109445633
1255233873635573760
1255221544860684288
1254923723653746688
1254887728883392513
1254486629575733250
1253700844719128576
1138535693775454208
1146147275334438912
1146059159760076801
1145880433936207873
1145834757470785541
1145782546967531521
1145420605312905216
1144062557260570624
1138468602733060097
1136625036171853826
1136625008158093312
1138183012745699333
1136741859810844686
1136625017679220743
1136263370200551424
1171503951138545664
1171503945262325761
1171412203884482560
1170851294090878981
1170748977949675522
1128704556135788544
1128661673353666561
1128283824264105984
1127936534139764736
1127357690345394177
1126879689887375361
1126476161985462272
1126209373766922241
1232791260022308867
1232764653723357184
1232402688740069378
1232029202158948353
1230961053053353984
1230919249184673792
1164915366398693377
1164695544859697152
1164647934157369344
1164542449638936576
1217121493349478406
1217101516290625536
1216912916101857280
1216780487185879043
1216074307417387013
1215405356844756994
1215302793352941571
1215023224590917633
1158434116519546883
1157682538229293056
1156723916108419072
1212419704133967872
1212131548310507520
1212096634483617792
1211002427052306433
1209859506991194112
1138824168055746566
1138519592605749249
1138509312328966147
1201496943089901568
1200792412819472384
1200441628370051072
1204463616352817153
1204463614889013248
1204137781246730241
1204095701677936642
1203839675737288710
1203459427665403904
1203406981400289280
1202658657571426304
1202423217622863872
1202291622794407936
1202290119887249408
1199737073260990466
1199725379155644416
1198030735485161472
1198002975911940096
1197270903521984515
1251291148859121667
1251161046951161857
1250872407696576512
1171503967429283841
1171503954447888384
1104442355850059784
1104158284670476288
1104124763465793536
1103795556730748935
1103366414793093122
1103366291191156736
1103364800447422465
1103322041284001795
1103079600555479040
1103045915840049152
1253110457390563328
1253049579299311616
1252642879425691657
1251977422712508417
1251923732878196736
1251180047811186688
1250916611768360962
1126496728071442432
1126210035338612736
1233034466823745537
1199045861306707968
1198647660644913152
1198372765142831105
1197984204526669824
1197916398728732672
1197916397264932867
1197650467905556483
1197631344039342082
1253118824620134401
1253097263456452614
1253031195195179014
1252999984053719040
1252968950847156224
1252767788076339200
1252682220675960832
1252657107863814147
1252348438487785473
1252337233455185922
1251146613546012672
1135929445905260549
1135300747623616512
1214616690190954496
1213214621064220675
1213214619931688965
1212813899277447168
1235318057091895301
1234506523021365254
1233825798437691392
1233767568537800708
1233448563583180801
1174316830820843522
1173244735806476288
1172607395538919424
1172277672401149952
1235302841193058304
1235218889983881216
1234989238820556801
1234845926801526787
1233804968706105344
1233121620434309122
1233100530941145092
1214275691753197570
1214246839429541900
1213538340357754880
1213120557547479040
1212947086964088832
1138479921087561728
1137872117205258241
1137093162848129024
1137021568419319808
1137021557652557825
1136673253391503360
1227668553874235397
1227275925693308929
1227254210024136704
1226999926564978689
1225562406396534784
1225562404081328129
1213839799402029060
1158811448568664065
1158751705535848448
1157634370649411584
1157356587134214144
1157086610191724544
1156660360830754817
1156624486843715584
1202231655206998018
1201968738834276358
1201641588784582660
1200075086247727104
1200072498743848962
1199796904269361158
1251550205771689984
1251308468872654848
1255907926025342983
1255874783717310464
1255851134553665536
1255633758881034240
1255500541058318338
1254941278845927424
1254862495229116423
1254845948343320577
1254076239977078786
1253819475822075906
1253754013214035974
1253728049939525632
1253684927893319681
1253450374637387777
1146125790263816192
1146071039509553154
1145765030773907456
1145737897150222336
1255583694624034817
1255568583792431106
1255540298777800705
1255269257333682178
1254802858697990144
1253791001619107848
1253489438786826243
1253469798740213761
1253436842470445057
1253420793733672960
1253399021806391301
1255668071206981633
1255651762259795971
1255520190936342534
1255189664417353728
1255180649746649090
1255161292526100486
1254826759171735553
1254802862196043776
1254771256840208384
1254532540733501440
1254445876942159872
1254427273480060930
1254134279505883137
1253773273399267329
1253478518681415682
1253380594370822149
1253359424233766924
1199725936394035201
1199449083829800965
1199098559104200705
1199060103762235393
1198324311116992513
1198265668359065600
1197577709251104768
1197178439578607617
1146233312807182337
1145880423832203265
1145766463980093440
1145305882563108864
1143987803140894720
1143949609984770053
1145850066487468034
1145804572000215040
1145804420745220097
1145451004462325760
1145305848371191808
1144683022404530176
1144629860062703619
1144339953054298112
1144012394135527425
1227726250866769921
1227603440437800960
1227356114381103105
1225607742129364995
1227710121461059584
1227373168228261892
1227336456189947905
1227322037217251328
1225873877064126466
1225823664484028418
1225607743089905666
1225607741085036545
1225507962376073218
1225493780305993730
1225493778095595520
1225479250783932417
1211428077051564032
1210947606739849223
1210325904037208066
1210266527561342976
1212168455899766784
1211776763526832130
1210618783926280192
1209913766281908225
1227692367307845632
1227620155636768769
1227029903629049858
1226654682967351296
1226168028972318721
1225791367697268737
1225527652292927488
1214717046723940358
1144580802342248449
1144391428950429696
1144279493512781824
1144067679311093762
1144012395972612096
1255600305657581577
1235597178187497475
1235223122867081218
1234960106334363650
1234935948301021184
1234657119481352192
1234240742861811719
1233927637183205377
1233887167392501760
1233866341490266112
1233556457481744384
1233532250144284672
1233421488595881990
1233188969128615941
1112160041946304513
1111377017113440257
1111082845789974529
1111001192535072775
1110991884657324033
1110551575431393286
1110306175470444546
1214929760830263296
1214578179391852549
1214578178355843075
1214547264963829761
1138433685944963073
1136625062537236480
1183914768815607809
1183914767330807808
1183826509099876354
1183451678437203969
1182710123195781121
1182421571966853126
1182395634973904901
1182288683879272448
1182030407006658565
1182016583486586883
1181990458211409921
1184287088402935808
1183914765808230400
1183498344947224576
1182808700572053505
1182698915491135490
1182288682088194049
1181956904156848128
1184251065635655681
1184139974352035840
1183914764394795014
1182781562540249089
1182449094729576448
1182363951511887878
1182363950513577984
1182108320368345089
1229873249770786822
1229793199864078342
1228444999710396416
1228356179354583040
1228415820130328580
1228313087599685632
1228049480043442176
1228044977357361154
1156562860136370176
1155888970863185920
1154506567418621953
1154413486706954240
1154413482319732736
1154146485195411457
1155546333014609921
1154506533692235777
1154398244232978432
1154168336529444865
1156352895530545152
1156295994667143173
1155872071383171073
1155830623971553280
1230521219004477440
1230504697997463554
1230171390772469761
1229123924870475776
1228340994195775490
1228068743626055689
1156325157633482757
1155224814891798528
1154914574593855488
1154487067885232128
1186982309846769664
1186646126071599107
1186010892443500546
1187054994517823490
1186628522313429001
1184930147490848768
1185226528822575106
1184955241147633664
1184848346193813506
1186726638840614913
1186305741206016001
1185220687125983232
1184862081465638912
1250796533852917760
1250572530626318338
1250561750149279747
1250547231012372480
1250465835245883392
1250151155851821059
1250129359781986305
1250054450179461123
1249793938787110914
1248671700880953346
1248630647289241601
1248372983577468928
1225434672865447936
1225434669392506887
1224906450780200960
1223394226517553152
1223285486384549893
1223026292704059392
1210702297447186433
1210246059013873664
1183045791314788353
1182781561198039041
1182738006685487104
1182380957174849536
1182334720996237314
1186663748221755396
1186436439376044034
1186305879974596608
1185299096803991552
1185242889472790528
1184827069525647360
1229829957549019136
1229411714539687936
1156334082005045248
1154474891954933760
1230219983784960000
1229202475430928384
1228718061567475717
1227993860506365955
1240415567875575809
1240398066164867072
1240346898596233221
1239591317212200961
1238123197758935046
1220129126020976640
1220083251831853061
1219784324624658432
1088552797057044480
1087494653153300481
1086655574903832578
1086304442432086017
1086051638731829253
1086030383240695808
1085148048601305088
1084087276328620032
1083452181020315649
1082467525055705090
1082467466930982922
1081325185343647744
1078421918695546882
1076163156983070720
1076110088853749760
1074031076992004096
1074031036995198976
1073622192540303362
1073585812971888642
1073194090098032640
1072622412720693248
1072503634590601222
1072470231191351296
1071397120987537408
1071156417376202752
1068649137422458880
1067869393806376960
1067483747333869569
1067483712273686528
1067413359279177729
1065036296287076353
1064185470849085441
1063640023948419073
1061318174422040577
1060667215278686214
1058498267443576832
1057685389350191104
1056942852318654465
1055877210173857793
1055263314111021057
1055263233068748800
1054818764905201665
1054425984634703878
1053371670847725568
1052656382464466944
1052618894077243392
1052609839866761216
1050870544227291136
1049752184907288577
1049652033605828608
1048572404145016833
1047622934284685312
1047475092069003265
1044369538857541632
1043627748240097287
1043561313211957249
1043177378091098112
1042119561586376704
1041038945977597955
1040239472695279616
1039229847288127488
1037851209401556992
1037677371791421440
1037455520733569024
1037411571813830656
1037332521934090240
1035879378327166977
1035508552486543363
1034895513420742657
1034817287025577984
1034497006448857088
1031914037729284096
1031608481277767680
1030197732785487872
1029862007569301505
1029847649145573376
1028428842468294658
1028330614683041792
1028301151610040321
1027626685137608704
1027326989856849926
1026858050949394432
1026603141524074503
1026503835303469056
1024778917679386627
1024750964174151681
1024417811509256192
1022883726475313157
1022194141286080519
1020329114530611202
1020306575259590656
1020302329449525248
1020301726287646721
1019998284537049088
1018928419285946368
1017151452106682370
1017135782895738880
1016864569946525697
1016352450947764225
1015360017753571328
1014963280517959680
1012813097990582272
1010224341441802242
1009902963777818624
1009817677781766144
1009214134754390021
1007709256836091904
1007687522971987969
1006961442069860353
1004725496905633792
1004424476866564096
1004415918070476802
1004015582038188032
1003699980954193921
1001236679527559168
1001197906538397696
1000172529867198465
999706454226554881
999706451089256448
998901451756892160
998700054348214277
998555538073047040
996386111843979266
995647400948764672
992564707939815425
990978965518118912
989626589221740544
988858707462295553
988854557575917568
988792423391342593
988410334926065664
988403071368785920
987727114219741184
986672905445617670
986593891477487616
986404205761048577
984897467799015426
983340444036845569
982664586762637312
982310100688953344
976563339450044417
976106924382081028
971880720971988992
971528800084348930
971385715908120578
971120295909175302
971024655384489984
968653421103509510
963211745090260993
961724738346340353
961394048371183616
961267790438129664
955907613060947968
953992875204751361
951585294163300352
951552318012579841
951218146496712705
950825464817438720
950744005125525505
950510663469883398
948948188542767105
948287565660082177
947868023884517377
944568287144312832
943569562322264067
941048882863230979
940683383289602050
938773826728587264
936246465575510018
935157280357666817
934401341937586176
933687541773094912
931279066291781632
930877723861450752
930856097707065344
929041356269522944
929037417922859008
928257668120285185
928046839231909888
925838338334117890
925704852021436416
923568295554568192
923568143418712064
923249701322928128
923197537837895681
921206071376695301
920771771929956352
920655759536545792
919920332399632384
918508193034186752
916307122534731777
915668240289984514
915629688374153217
915221244261404673
913499084715151360
913439601523662848
913439534049894402
913386585072312320
913144630421671936
910249565621714944
909916373689798656
907971586732564481
907726532935905282
906258404133437440
905903195456720896
905528310138118146
904701250440187904
903726705918873602
902996808917553156
902921419218178049
902574752883249152
900809642602889216
900081896876417024
899992806235807747
899710943214620673
899679573889208321
898708193353678848
896500115107717120
896397058470531072
893161936736616450
890960615212290048
890960465911844864
890711464247521280
890626946266091520
889939128279863297
888035557938528257
887793194498486274
880827329890701312
880136981354827776
879786871030775808
1088503477163212801
1088222110311419910
1087497575048138752
1086691255780888578
1086652478844821505
1086030382150156288
1085628366122872833
1085612299635879936
1085585440349007877
1085231564974444544
1085187718840180743
1084949154013593600
1084867615124791296
1084087991256211458
1083426148791603200
1082843066694885376
1081229722355490817
1081002573241434113
1081001789292535808
1080115832917819392
1077557082121859075
1076950517794947072
1075871306992766976
1072622482258046976
1072541335800946689
1072541247993204736
1072541221074190338
1071569877264154624
1070759171543498753
1069658896447520768
1068908365122859008
1068552206604005377
1068493721061203968
1065011714062802946
1064700225917456385
1064170924100997120
1063901111776628736
1063640544700710912
1063554570549411842
1063470298270482433
1063218308961452034
1061333132627099648
1061333026662244353
1061022006597033985
1060594060967198721
1060589028532207617
1060588873963761664
1058520532390416384
1056215597732806656
1055941823078785025
1055499609970229249
1055475585437388800
1055166400636116992
1054857159056461825
1051941430590169089
1051133623305424896
1050862037126049794
1050831846525820930
1050822514803396609
1050803506599346176
1050498688056008704
1049780728874115072
1047538297600446464
1047527010820608001
1046783758165307392
1044657720996089856
1042517694510256128
1042132911091331072
1040641397244796928
1039533252074188800
1039249080055148545
1039176436676997121
1038409364837736454
1037738364903010306
1037692482845384705
1035970068398649344
1035538559908888576
1035170936474009600
1034945342377213952
1034156823497113600
1034024757770022912
1032042813725265922
878307281946910721
1032042165566926853
877978366401429504
1031914242780344322
875040397323624450
1031667460225867777
874973969048367104
1031547911342043142
872477010114867203
1030805523493539841
869176512687120386
1030551302013702144
867408225175560192
1029749724990058497
866779508887744517
1029106808407969793
866750551723307008
1029096134596288512
862701691375947781
1028368298654793730
862008658019975171
1028280033046142976
861558391445094400
860116815401410562
859494692773298176
859434808891629568
858351110813343744
858350893250555904
858319971218325505
857610294704590849
857338501641011200
856977339871354884
856927930303352832
856590227321868288
853593829299105792
851572636228485122
850384903384563712
849684750604414986
849657516602667009
849331595752476672
848173107047280640
847553020053389314
847210510747553792
846828455408914432
846432261113348096
845316066213593088
844895069996007425
844668622576476160
842861563153473538
841261885580292098
839503938487521280
838839930189119495
836214347311562752
830431197650038784
826847920708272128
826847590369095680
826498596493201414
824381725107228672
822585424233304064
822108318202208257
820025576991944704
818866494918590466
817485617286221824
817169680737697793
817066229844373505
816713406396985344
815558197234769921
806527112186384384
1027682637899608065
1027229597585301505
1025800469233455104
1025777345926508544
1025488394829410304
1024722266754625537
1022898636563378176
1022885978694987781
1022561903988678656
1021897189084278784
1021478806140448769
1020365360388767747
1020338810993995776
1020044112471502855
1017169133597872128
1016499995732738048
1015247201075949568
1014954896662122496
1012759955496210432
1012394498331168769
1012037253999349768
1012010494436302849
1011689662501572608
1011622480673492997
1009946489668407297
1009501614955167744
1009245697659625472
1009190921680965634
1009110706870988804
1007301439700467712
1006938561290080257
1006304454403067905
1004811576132726784
1004150666791739393
1002586057270091777
1002562877688090624
1002290023381823488
1001918877981446146
1001872584433197057
1001071188276375553
1000749451022077952
1000391109892194306
1000141963587272704
1000111766490116096
999731193603125248
998993223057100800
998673999625441280
997175681472704514
997104622165688320
804792434316210177
804028667357777920
803978701557952512
801455740007415810
800783361254064128
799975528430116864
799620848609017856
799281297327853568
799251408293724162
799251365285466112
798933471670530048
798707479710416897
798273403459399680
797939049356881920
797938401680953344
797076424507191296
793186040014106624
792048298358177793
790622389189087232
790548993633812480
788789934861737986
788736175875973120
788070826537000960
786209654539952128
783725778110472192
783389819850424320
782280037848457216
781937325936967681
781550729563627521
780769036099395584
780434731288653824
780048023078436864
778229004717400064
777517419086635008
776495982682972161
775801573121425408
775683604902993921
775683529749528576
774956177939505156
773927529438666752
773211233046626304
773210502323462148
771383078040301568
770720272748011526
765943493583921152
764543842888523776
761236604509908992
759010615675412481
758648476586483712
757976574247444480
757974738589417472
756494781925167104
996156631711920128
996121365823574016
994985096200491014
994249787158474752
993967429335298048
993938375588614145
993904769226952704
993867125197598720
992466477965021184
992051299960213504
991773256578486273
990259352459083776
990214053837660160
756120713573048320
989955188806111233
756112020215205888
755432192604418048
755414485616234497
989913957573054464
753713500850126848
753298471143088129
989593639864143872
751064450791342080
751064353370177536
989527075227947009
751064295748825088
748894015118909441
748863492849934336
989496921197817857
748512095705174016
987783026401669120
748237142397157376
745727529630208000
987326212606517248
745378774422855681
742827509704691717
986964692395610112
739900175813103618
739843574905311232
986651472107630592
736584837629415424
735840323449032705
986612064549593088
735176345068654592
735153734993514496
986232530729873408
735114842823069698
733374374309433345
983336010368126977
732676224024227842
732339667518038016
730787049851240449
982352346133946368
730440403422416897
728695257232252928
979415333940449280
974696970353893376
974005177392009216
973322811530993665
971842506550898689
970409460337397760
969369196646694912
969348687611736064
968936777103880192
968936585390587905
968878469617672193
727233301350592512
727195510671593472
968514813797150722
725383942707228673
725068345691754496
968282033070817280
722797472154656769
961986177778757632
722186217157222400
959543483672473601
720364106532802564
958721395063705600
720244596677165057
958361419682021377
720227960289169411
958121610824822784
719883353516810240
957025363829317634
719617512690868225
954480992567332864
718489555779850241
954364463649607680
717823983824015360
954020569661390848
717699263401238528
953768077866528768
717684215211491328
952676406105919491
717398577744646144
949085783700508673
717325303576657920
947165391335276545
717082116601856000
943476936860413952
715893228797607936
941008775615565826
715263779278295040
939868924933533702
938766863449886720
936990396562931712
935503874751909889
932732831343759361
931891614959783938
931573488598552576
930933663830822912
930793377553055745
929706722436026368
928629063958388737
925373181732499456
919275127791120385
918944066649382913
918853386472222726
918116340736643073
915253994351661056
914859313503588352
911656593615413249
910572862746087429
909916178641977349
909424202725429248
909401553865293824
908680183649067009
908025409337511936
908025370871582721
907984075121668097
907212247059103744
905416319083966464
905151498421768193
905128776564137984
903624865449697280
903279871350231041
902181124478312449
900803967340482560
900449216815919105
900100832355647492
900076768299823106
900011400537493504
899981655804452864
899981412929073153
899691571519643648
899674448076443652
899671366328344576
898253128641982468
894653674613600256
894584761699749888
893522120713658368
893184687073619968
892785859480649728
892413355478183937
892413204864925700
891641556150759424
890580788533760012
890250416713281536
889976376178208768
888171665246625794
882214916534480896
880199511712440320
878307466848518145
713085392447209472
712402483147120640
712327218844794882
711972776257654784
710868808576147456
710211517027913728
710082782857469953
709728092961509376
708395399913070592
708044655347310593
706949511369904128
706554742785310721
706554615907667968
705077093961502721
705062164218978305
704389086140874754
703311314815479808
702608094837280772
702571162459574273
702132536319852544
702117019378982912
700377816794275841
698676551559311360
698241536354603008
697906782186905601
697894360520749060
697885513576009728
697870812922175488
697498694208323584
697481765498327041
697195035352285184
695277016334143488
694919691224088580
694582426002157568
694535304577990657
694279902892290048
693187963774226432
693115922660364288
692448532435984385
692096784496197632
690604546700263424
690303418439696384
690272554540535808
690209425236348928
689960362037395456
689929326414929925
689596627930189824
688047128082542593
687687009318600704
687324791943069696
686991394066546695
684767719347122176
676880828836806656
676568491919478784
675362335834312704
675074713266356224
674632622476279808
673921998528073728
673908233321455616
672453989452161024
671407267791699972
667708643731730433
667489882915360768
667461162838171649
666936507429728256
666662398091247616
666383448903442432
877629723806806021
877622139586830336
876877401426472961
875452758895329280
874739049164091394
867810252892319744
865915027118845953
864465464621248512
862661319857774592
862338336060579842
860086609676455936
859027444480839682
858682362372161536
856957892922093568
856940711723376641
856515898936623104
851109145822597120
850179179026972673
847814657536655361
847553113087234048
844997525572632576
839490070914674689
839480112907182080
837051477029974018
826848137868431363
823705160794906624
822237630599405570
822237525376909313
818898219044368385
817390106357153792
817365376396914688
817107252414939137
814108658988621824
813021489154834432
809865928116699136
809865876723929088
809865808600068100
809844750043979776
806984394435166210
806544397349306368
665166346557259776
664436093945847809
664110923276296193
663765761228480512
662315080340668417
661926644022706176
661689934194061312
661607406812717056
661603684292435968
661580512419569666
659505017326542848
659410334344679424
658674971699490816
657291542944727040
652597314637430784
652513735744061440
652244634995965952
652216674804998149
652202642890977280
652158678255046656
651851596561825792
651786418914742272
649652829775360002
649345777765105664
649244528839380992
647435677127299072
647080935104618496
647032587203014656
646728550071054336
646429528647147521
646118722931982336
644957476450902016
644614258148409344
644258682788704260
643938106719240192
643811024425062400
642395566132097024
641973958963765248
641773941598629890
639533555111043072
639424633016598528
639116702089879552
638746549581967360
636164041510158336
634802925571842048
634065554161147904
632201469081554944
631856920706486272
630803488876982272
628272428221919232
628220389647384576
627254418421993472
626480442322092032
623932485710270464
623558389013053440
623216203885084672
623175913757376512
622087616821899264
618877056600903680
618146016949309440
806483411690921984
806271950507180032
806271896891363330
806194089293135872
804421722568945664
804402768970661888
801136271577858048
800807274499358720
799310022702268416
799281381008252928
798929507633811456
798559976939782148
798548211904417792
797938674671435776
797091525851103232
793866871170822144
793182722751619072
793178923018416128
791263118290776064
789474686627377152
788886505959878656
788840911161745408
788810100983160837
788414528191102976
786954367710720004
786952913134448640
786256112240693249
784422049490018304
784086155272785921
782218515268849668
780898993635229700
780742610923167762
779666846836338688
779339380720885760
778236062581657600
776782746890805248
776075830002843648
776050423010512897
775333181234950144
774310641444196352
774307689543249920
772180390421401600
771437485368995840
771437354460545025
770376985054965760
769223699174219782
765971960308363265
765234973435723776
761554906645794816
759115885978193920
759010857502199808
758649232945360897
757923947052544001
757923710087028736
757610684930809860
756651120487825408
756474133555187713
617424034209353729
615896005075161088
615630862248484864
613767557389123584
612003117673148417
610556298195824641
609439314859134978
609108850122366976
606475753715339264
606459489873760258
605447487483211776
601873498521362432
600736641578377216
600704979284922368
600668379582746624
600430384686432256
597883831211941889
596759450947612673
596729096043941888
595967029200429057
595698017895866369
595365158307913728
593879276174319616
593830631995547648
592720196453957633
591955188497436672
591305179007426560
590585087114223616
590262027538604032
590190818679488514
589080050261172225
588814200430063616
588688124517216258
588684048056393728
588436275796934657
588356644330803200
586566290711642112
585883057477054464
585826950226251777
585536946836996096
585469387639037952
583726600283418624
583349903784570880
583333368680579072
581110508914364417
580407557463871488
578256840653451264
577958301381582851
577865656466563072
577564009290928128
576143109404385281
576127568224616448
575711115264593920
573971286654910464
573546988786028544
573262137193320448
1089608658307174400
1088523024469553152
1088258542879080449
1088113414361280513
1085659990445027335
1085612132123709441
1085600925501276160
1084940037987467265
1083914093273276416
1083817516567269376
1083506365300133888
1083412131134013442
1083147593461436417
1081580782479642625
1081325327140433921
753937177684226048
1076949834379284480
752872665644281856
1075897112263618561
751562205347344384
1075871865082662912
751444361481781248
1075834985045811201
749943380403101698
1075813827831308293
748546911422943233
1073626204668944386
747891318131691520
1073343514400960513
746384422472159232
1073060200003846145
746009015218540544
1072596479561383937
745712345889017856
1072316776086675462
745378853330227200
1071060482822426624
743099462768328704
1070697738898165760
740951933037481984
1069395204069908482
740625903596765184
1068985548881256448
740163859638538240
1068649174705598464
736231397522874368
1068494525541294085
734873811829526528
1068151050878758912
734837936605278208
1067924943575400448
732684711403872256
1067794343799529472
732272684604768260
1067593772782022662
730171734452785152
1067450570838081536
729787690061803522
1063639930944008192
727578737248747522
1063490770353696768
727159929673539588
1063470548984975365
725438631494717440
725415343469006849
1063470145916583936
725021585007071233
724984647067832320
1062827552019021825
724704862261383169
724668051866705920
1062447181821554688
722171377999093765
721048442915700736
1062129859298779137
720728504153849856
1061319334704922624
720592062895288320
720363482101624834
1061272493120540674
719933342053986304
718140784281829377
1061064617932263424
718103879926333440
1060207740029726720
717835684367740929
717711583338700801
1060207718911406084
717700895908229120
1060207661520748544
715637551558705158
715631346698297345
714897759279689729
1059500410921275392
572532394475036673
714808609251717120
572441775744425985
714544292337987584
1058360846429159424
572169205241524224
714499855805235200
570967937634471937
714486931594297344
1057704626361958400
568864047061467136
713433686700658689
568160455992221696
1057645335059841025
568146367580921856
1055253212792537089
568071313090347008
567801915334205441
1055206275775168512
567742141179650049
565971050694193152
565960953292804096
563783783569424385
562981528616337410
562733883473788928
562670522413355008
560809752750731264
560502999781752833
559789671006613504
557552829444141056
557351435038650368
557186279549702144
554723959766544385
553565525331435520
552561878304845824
1054808776220569602
1053380089877028870
1052964575853912064
1052228756025303040
1052204290327097344
1050842336937304064
1050508829040017409
1050483246050492416
1050057310503100417
1049780796020670465
1049756186633998336
1049052492183601158
1048696642151636992
1048670843621052418
1048263448726044672
1047924428313677825
1047891435364802560
1047863285461274625
1047222418006298624
1047194224138080257
1045423529389379585
1044978613974487040
1044733066114191361
1044311827532980224
1043578240651137024
1043545315595423744
1043300732206821380
1043260245664051200
1043233836904210434
1043216160811085825
1042440990492172288
1042054853575495682
1041799968988778500
1040706687995465728
1040609026285989888
1040245914814828544
1039975968377655298
1039189345150922753
1038472030864080897
1038191706850648064
1038141780145913857
1038113925420777472
1037800104231690241
1037775858323398656
713427299975241732
1037469509098119168
713422407277613056
1037303656276799488
713100471322415104
1037004936775716864
712706161166925826
1035282233844752385
712021149694222336
1034516692372729857
712001473350123520
1033516650962866176
711946949600145408
1033516438441607173
710844887617425408
1029823420190674954
710457480292257793
1028342744115290112
709754096073441280
1028312715603980288
709743371284291584
1028291373525549056
708355879171723265
1028036610774974465
708044942334156800
1027983217247367168
708003826461253632
1027961054763118592
707943265379741696
705519360195108864
704639830248939520
703302052181573632
703292007368761344
702602379812872194
702551274722557952
702176521201520641
700766610756235265
697194789683470337
694943310822113281
694943157520302080
694258329909121026
689609523800186880
687759980695523328
687336626792562689
687016732133830656
686964177454411777
685594308225929216
685469520174133248
684482937346256896
676560168369410048
676515359806136322
674723615749873664
674351761516306433
674014882287718400
673900330673938432
672128174931714049
669890930732900352
669199316641316865
668896331851808770
667375104557469696
667047932361879552
667047775281000448
1027584690876809218
1026888880358936576
1026554503242211329
1025906158752739331
1025828771293814784
1025067235868590081
1025011946993733634
1024787134442598405
1024672680635711488
1024640356707717120
1024356143919980544
1022852039024500736
1022542582306545666
1021932966027685894
1021932723655651328
1021831566702637056
662299008312979456
661998019370491904
1021520251090022402
661966030764425216
661939221846958080
661698165612134400
1020428355752144896
661585425417551873
661226350645264384
659805509780918273
1020303797246144512
659453739363758080
659387178565435392
1020066465318408196
658691204763271168
657967464312008704
1020015098629447685
657263205618733056
656954878338727936
1020010663895273472
656908005993259009
656863374588923904
1019343128803860480
656548053223133184
653947614711431168
1019289199021879301
652243362930683904
1017896182704730112
652242266669584386
650043463027851264
649241159664029696
1017149773743312896
648843729793609728
647501514295115780
1016797502694215681
646776106620596224
646429238892077057
646363222161915904
1016501963314352128
646357778529972224
646033903942299649
646007782341279745
1016478334727974917
644984536015720448
1015354257472737280
644629348503453696
1014538970347266049
644483280306368512
644180362961272832
1010224343316680704
643499664965304320
642775244336402433
642096792511844352
1009196776266567680
641748430759530496
638425617952829442
1009196561224687616
638398822805282816
636598007933308928
1007344867075387397
636536354072043520
636241362770391041
1005567465512939521
635857713357058048
1004747054801997824
634813792094916608
1004064658872000512
634093083962023936
1002197596994236418
632219429250670592
1001921909305610240
631920951068884992
1001138535666212866
631540337169813504
1000830260206858241
631495946484871168
1000744417484050432
628603315505491969
1000084044921655296
628266511338225664
999758305756176391
627279225360220160
999727759260778496
626851971891372033
999706452532060167
625801292359860224
999058557269106688
623596946989678592
623258871663075328
998982038811234304
622144334436139008
619242331997274113
997234688279437318
618804407791169536
618415452532940800
996870095912742914
996839954251681792
994607362144169985
994342346815918081
994249398589775872
993967644171735041
993575785322696705
993505726608871426
992510483482718209
992414461708460033
992101078287179776
989218140075765761
987752831368159232
986995948466462725
986031491103703041
984124013004951553
984070593795502085
980422023896735744
979369521470496770
976192444403503104
975865909574332416
968936479086006272
615989123736805376
615964857272266752
968610772837392384
614520874813644800
614085948821909504
968577328468168706
613858219325128705
612017368781488129
611588616209494017
966680960774410240
610936320240820224
608998077840658432
966058175198883840
608761581883813889
608320877764218880
608044758389424129
606201518874890240
964881861909639169
602496722422607872
601468768720551938
963514559960158209
601078646984548353
962310192942559233
600704410742816770
600411772475047936
961293335787917313
600345448730230784
598883254981230592
961238328317239296
598201201063264256
598128087419748352
957329186519244800
596784557552197632
596436614324301824
956217534340091904
596005342405885952
595705399120109568
955571300134805506
594259535772024832
594172313907658752
954129285253607424
593832934588678144
954057446917537793
590980347246075904
954043206391377920
590898854465273857
954020214290690048
588007295159762944
951951926748372992
586660357902434305
949346797188763651
586589986541174784
948704676597452801
586189243132866561
946899898686951424
585938993604337664
946002737031888896
585566812181549057
945278865311715333
585554299201126401
942399765794484227
583737655713779713
942125745744293888
583330676134572032
941436178833772544
583288607278002176
940667967771115520
583016577282547712
940286095471841280
580136918534516736
940265829488357377
580115869013004288
938874194116468736
578661543014985728
937470831906689024
578193245999595520
935615201524830209
577941922372804610
933354415372820481
577590963411017728
931155760809234432
575655686975197184
930566044674117634
575334421903097856
929340121299767297
574995350592876547
928730313727111168
573196279137878016
927906673561399296
923197705639333889
921389249148186624
921141966620053505
920410121292967937
920378802311696389
918920661740822528
914201817558474752
913827026347462656
912659105889886214
912431449957175296
912337687113236480
911237230030675968
909129775603646469
907997318384730112
907642937198211072
907600217809321986
907578424969105408
905187831836020737
904018949830004736
903675275573166084
902613143041581056
900092721741869057
900086081516916736
899987543093108736
899831692915073024
899728061700198401
896461201273610240
896419918618529792
893522469499404288
893476120003321856
890968238879903745
890968152015867905
890968055714635776
890258955380957184
889962656668553216
888745452132106242
888398580335202305
888075786061848577
884869011334418432
878344539001335808
572577353567612928
570627125746774016
570363262501408771
570260533464731650
568510058281234432
568181650741452800
567424773152841729
565607860315631616
565524066178961409
564938598341169152
563708800843395073
562649237121687552
561931457493762048
560456518446108672
557924671916896257
557673055779319809
555748019837353984
552509291480219648
878274607588925440
878259895610388481
878259806242340864
875110605237002240
874967156349255682
874738958218952704
872853312000884737
872825313310498818
872823972982816768
872575441483304960
872502403374907398
872451791438450689
872100541320638468
868089352210993153
865664541904044032
864918141100593167
864858362831360000
863764296630751232
862739150449102851
862417010923274240
862386398720122884
862362767793291268
862294845381120000
861983119037145088
861941873514090497
860576997197611010
857717985850662912
857697967070904322
857670683861557248
857353827070115848
857308296700608513
857263015019794432
854394350394114048
852582171210645506
852566971065532417
849657626191425537
849657393902432257
849615242082562048
849583280701583360
848233514155880449
848173113833435136
847871113694593026
847809651043381250
847208322877022208
846829787280801793
844611409413582848
844164189430009857
843873893609816065
842787583881105410
841273563697020928
838832515645329413
836751785146601472
836633236264615936
836306899477925888
836236955633344513
836236306833371138
830165861692559362
826559598605778945
822523420642422784
822505766271721472
822237708437295104
819612466598514690
819259793898688513
818867573865541632
818110011796754432
816350554804854786
809781180413464576
806577839923490818
806544460846919680
804391141760270336
804026445559369728
803978753219186688
803978668989181952
803258610910457856
801884612599447552
801787456504950784
801429132156477440
800754297596092416
799656540437291008
799323718497566721
796747692772888580
796401053449224192
791640604673388545
789474652682907648
788364018738003970
788122360188633092
788063706462752768
786954320080203776
786665863671840769
786663590275211265
786552073873715200
785940901554192384
785940519998414848
785922992090087431
784019408960225280
781141191760936961
781140041183666176
779444959158145024
779006436437360640
778979244181450752
778949069708353536
777861856593608704
777853111008387073
776823117767467008
776504528569004032
776138397400301568
774955928336556033
774282571073069056
772847091999649792
772180708563546112
771437418507624452
771354089670209536
770717485708566528
768475981904568320
768457331382386688
768077961996087297
766746495005650944
766332123318026241
759131618510450688
759122183071424513
759120290370641920
758285858948603905
757975038310096897
757974854587015172
756651271637966848
753950190395133952
753574796315594753
752487712737808384
752155461722337281
748863803425566720
748584499026362369
748258048829960192
748211711803531265
748192964376158208
748174926906015745
748153653777862660
747863446792830977
745712824337469440
745694709931253760
745602457032601600
745394417012514816
745342107829813248
745329385784356865
745030534879936512
743557314859376640
742812208283955204
741370512295788544
740591699680972800
740565298236035077
738733433451651073
738371772760924162
738094951255408640
736585222662324225
736554341348352000
736199732335370240
735963363449176065
735876620985241600
735596838942846977
734881594528403456
733053105298919424
732975913336504320
732327096798875649
732312601405820932
730838889087291393
730755498643996673
730515285699112965
730059846159106048
730015339677925376
728684062009901057
728656254357352449
726066782935592960
725367897040760832
723582431467581440
723174698180186112
722849961218416640
722548412994953216
722470942878908416
722180833394761728
720277545988395010
720272452903763970
719539227705401344
719507462328557568
718458725699338242
718439721869918208
718186520356790272
718141553047441408
718140394442264576
718104084205674496
717815489305698304
717742556335968256
717325451157499904
717118510275682304
715176932153954304
714516163905069057
713890395365777408
713082706754666499
713059815669567488
711986586783784961
710874875922128896
710577984722366464
710569706470711296
710221833656729604
710194823265972226
709886861506908160
709770514412261376
709481472101638144
707275804577808384
705819509614051330
705493286782443520
705004399580614656
702886710561136640
702848785718898688
700364693521764352
697195387308896256
697159717513252864
696814651523362816
694987754065805312
694959388331765761
693204945881923584
693170731849535488
692764677844131841
692138723501281280
692067883480977408
692014728231698433
690579893579583488
690191382070333440
689947214236536833
689621658882162688
689521985223729152
688119082755817476
688091864990412800
687773166425534464
687080465715560448
685574390726193152
685528306075197440
685210738248560641
685186837103685633
685158825687695360
683385788608999425
682309189427945472
680874602596282368
676578506361311233
674365988465451008
673860391622037504
672837611166285824
672598380552577025
672487331065147392
672019401122672640
671449864375504896
669546778216255488
667794715467776001
667374987729334272
667347647930437634
666981819821244418
665393780053405696
664805308355764224
664488221020176384
664182732214378496
664139716724441089
664080719791157248
662389327649992704
662043758482059264
661521237647220736
661289590641266688
660092538905317376
659762664726491136
659063192925151232
658705078220623876
656543607046979584
656179614574878720
654048981333483521
654016862703996931
649329751329517568
648988496733061120
648979441255862272
648906570210877441
648571611826814976
647462130241941504
646801601043238912
646072726793396224
646022842497298438
644927956947742720
644918112308084736
644654227671769088
644605967217377280
644573815180271616
644573520559738882
642381345461809153
642335929542250496
641640357927735296
641560754232139776
639862482325086208
639073524037079041
637305982834593792
636278615274074112
634757749239320578
634395324455473152
633085675500388357
629708369171992576
629417975465033728
628634765483188224
628348981274390528
626193559545364480
621800174747287552
621033316767166464
618853297651322881
617327014400266240
614145824352796672
613754033350803456
611972089151660032
611625485978718208
611246004915077121
611190203013857281
610608151247912960
609396716450787328
609102726128123904
609056938878472192
606236117671792640
601934687179792384
600764436383735810
598956126688976897
598922303632764930
596392858090897409
596359551898746880
594272090993381376
593895087106568192
591338809800974336
590555386052222976
590223688139677697
589161093366472704
589049955412811776
588794562673541121
587698233780101120
586565234804031488
585568331589091330
585511480340152321
585492785035419650
583650207759527937
582995716055777281
580497647544451073
580374882590035968
580364895859929088
580153784074149888
580138327690600449
580137245572743168
580133317699362816
580043279263203328
578256180063166464
577532789949628416
577514608556130304
575720301264240640
575056786161561600
572895022925918209
572821177695137792
572784873490001920
572762192124231680
570334571545300994
569935204791529472
568835563324874752
568529367699075072
568474529636491264
568128723154800640
567767748009549824
567472234671767553
567374003820838912
566307972654309377
565903741862555649
565672291410141188
565211770089127936
563351463632838657
562350380630421504
562265122157363200
560837496280715266
560200818306342912
556185068642000896
554764293808615424
552952727702339584
1124352274791268353
1124351605514612736
1124282457732161536
1124100644758011904
1123987657967714304
1123652870614732802
1123652429709488128
1123652277573648384
1222917908688523265
1222860922185822208
1222319282018770944
1221935898264264714
1220808575439769600
1220555361729568769
1220397403234238467
1113490134241034241
1113229626786992128
1153747746098176001
1152235567649869824
1091376463805382656
1091052513036517376
1091046021218611201
1143907582119153666
1143605320121556992
1143511614412460034
1142518348187656192
1142211844477726720
1142115196116316160
1141790319882563584
1141488333178200065
1141420836211036161
1141404851173232641
1141391888764866560
1105595826632642564
1105490696717377536
1176859781014937600
1176843902856376321
1176518265964769280
1176298262430736385
1176267801453047809
1176231646342930433
1176200080602402817
1176172747145306112
1175189692372922373
1175138634829312002
1175102290115596288
1174693498311888896
1174401537654886402
1174343803207127042
1106279097049796608
1105897897248374788
1105873903447101441
1105595827983171585
1105533079484055552
1168623616235323392
1168516425998307328
1167187224091344896
1159222687664918528
1159193822796156929
1159159053429485569
1207316382754443264
1207085993238650880
1207028613700313091
1207005941260062721
1206995521153458187
1206598271680106496
1206381513367052288
1205964480196292610
1205552435986608136
1204865597667971072
1169051817113767942
1169051792900075521
1166846223967563776
1161315844720353281
1159575957361111054
1159479629125697536
1159450800495714305
1159131085546098688
1168685753204989957
1167965103385276420
1167480302438178816
1167431674138963968
1166817050733494273
1166736054130491395
1161441557851119616
1161423388973441024
1160965228366110720
1159923591917555713
1159880515698212866
1159532226335240192
1167828165236002817
1167794071513063430
1167132857015394304
1167094893333876737
1167028567621943297
1166879109982621696
1207071115882958849
1207045244652531715
1207028612236562433
1206949653889064963
1206740338578116609
1206315948753461248
1205882066539286529
1205552434678030337
1205249719523586049
1161380422703603716
1160605678798606336
1207005948386185219
1205882072419749888
1205611650293936128
1205582533934637056
1205552433210052609
1205272939639328768
1205169204502188032
1204819938881482752
1204811624047091713
1207028615206060032
1206665289473110016
1205569809800466433
1205212213268688897
1205212202346696704
1146512639465594883
1148727328601755650
1148314214764822528
1147616096524148736
1147236339781373952
1125819387519361024
1125747111495131137
1125523081085235200
1125436694596063237
1125407986300723201
1125115429565890566
1123759322910085120
1123708079672102914
1123653137129267201
1222673061595557893
1222624798653763585
1222620802098647042
1222546720015384576
1222510486022959110
1222284155154829317
1222215384834678784
1221144462686146563
1220737931121512448
1125931136990023681
1125838176403247105
1124449394525384704
1124407768402862080
1124382536183025664
1124052381405274114
1123935168589438976
1123920069438795776
1123653756825100291
1123652680637980672
1123652341562003457
1123648983329595397
1123557682252849152
1222935084636033024
1222620713376456706
1222620712403374081
1222573517155315712
1222559524034416640
1222308384336203776
1222215392422244356
1221885590158958592
1221212046584360960
1220760992432447489
1220552229184319489
1126142118777511936
1126094406837161984
1125864162989572096
1125472704449138688
1125384723482628096
1125374313425666053
1125196536969867265
1124421697002713089
1124080459560964104
1123978404347502592
1123673836082401280
1123652577550381057
1222905425282174976
1222550497174999041
1222539845798649863
1222539844812931073
1220435836245807111
1148756198298193920
1148672943804878848
1148616475491667970
1148272683035045890
1147966012815396864
1147914311278432256
1146825234798010371
1146448516815806464
1113102296597061632
1112887611109097474
1112727193401114624
1112485659946741766
1088800655521779715
1086754859272032257
1086448069850398720
1086025499544039424
1086004044202762240
1085652389225320448
1083469901505970176
1083383661582528512
1083151208238456832
1083134629924823043
1082814874978320384
1081183591864897537
1080939201393246209
1080852081249042432
1078658666100940801
1075543130450128897
1075513303298924550
1073296204707127296
1072964218503266309
1072266917887528960
1071392612530180097
1070696745972191232
1069711846544826369
1069395177612210177
1068608433350418435
1068171692307025922
1067552869837086725
1066693020937068544
1066330745688469504
1065605827984326656
1065036346228686848
1065036322786684929
1064626014356156416
1063893649547845633
1063434163058024449
1063152227815223296
1062779244428832769
1062778398936838145
1061692890869624832
1061264109142974465
1061000289103331331
1058416295425855489
1058020746117693441
1057372844114481153
1056375897366949889
1055895522710577153
1055192997342654465
999667890214330368
989898177842241536
989581340105375744
776775164486823937
776504481282461696
773209474366595074
772180792952889345
772180575436365826
772180445568110593
771432336730755073
771108283906138112
770621428387475457
768464428400607232
766398361251540993
765982155788918786
761287151422242817
758680977166180352
758648968016375809
758648711303929856
757974932689223681
757923486870319104
756473943490301954
756111580777984000
755462406675935232
755414291940044800
753713559205478400
751777991160586240
751464646222057472
751440960639434752
751064393727766528
748546855387037696
747517264145047552
747488838872862720
746410778018742272
745658926604103680
745621478872334336
745363925659750401
743202015715692544
742403803530579968
742019995748556801
741022992323518468
740286168756068352
739941871334608897
737278654225481729
736954653611556864
736253723299741697
735944033504202752
735824804205473792
735230995289542656
735140271135064064
735087143719161861
734850371722563586
733714361978638337
733053029549809666
733037698039074819
733022586431504384
732297314040197120
730168517643911169
727496513853755392
726142504681279488
726124467114631171
726108290128723969
726074542565785602
723542957480120320
721001059141947392
720967773900402688
720383746289983488
720267379536572416
718522671877722112
718436724980977664
718139203306045440
718049709827469312
717725873391149056
717707222344720384
717673356116492289
717441655301910528
717358370638925824
716966623605874689
715593699095408640
714916481604141058
714851486476476416
714563582931963906
713890197491023874
713431141039128576
713087005773553664
713024263452770304
711962015863013376
710554240624828417
710544612230828032
710203812305379328
710180998282092544
709849133897613312
709407762489483264
708315401185325056
707660491833929732
707627578941640704
705507997498384384
705105009193717760
704777492251459585
703325961002086402
703261260385800192
702886386114928641
702248022646730753
702224378449240064
702170733787619329
702146632381505537
701906580976115712
700722196910477312
700354490260680704
699697166982447104
697853630951587840
697838438968664064
697822659762065409
697557193885876225
696831105211703298
695364802223312897
695021707007016960
694642475613474817
694233441903218689
690565470638968832
690196359241154560
689954472127283202
687806054500024320
687788973683568640
687299814426558464
687124202059612160
687044550989352960
685508926792577025
685483501232209921
681916885005414400
674301005073391617
674005037190918148
673382413993705472
672547223201255424
671841362262810624
671814536316473346
667817435068690432
667749372080340993
667093191267590145
666736008537468928
666622044243644416
666355990577717248
666255117277089792
664925455934468096
664868067474857984
664548629177344000
662710472437706753
662404421930848256
662359136156413952
661860048356794368
660164433247911936
659838013577539584
659099069260910593
658771365286252544
658753299781414912
657960677538209793
656237722898690048
652572921370648576
652530977672167425
652202479636119552
652137966161129472
651381744722149376
649991514177806336
649622223435788288
648544169221296128
646753440811642882
646307976773550080
642035825090396160
641338012421390336
639799820836839424
639178935910166529
638697103921934336
636983244265791490
635902824748969984
634456215511298048
634058479796387840
634018111939866625
631935265142108160
631907000943665152
631559802968104961
628343312550895616
628259948900818944
626438596665442304
626387987937554432
626375852301885440
625714900220936192
623979981069262848
623562445714493444
623215442253991937
621738563907022848
621733372835024896
619613054528061440
619212044798173187
618828540159631360
618093583753736192
1113255773407129603
1113215540443656194
1113184839711232000
616284132965003264
615617913349910528
613839433360646144
611280140308508672
610926044015644673
610870249676754945
608746492451561472
608713019351252992
608674492576071680
608644063659581440
608351324753797120
606217970218627072
602848652332244992
601493011227377664
601146954828148736
601052703242989568
600697218832703488
598609430314377216
598580651261034497
598546449773756416
598231084397113344
598171441201336320
597872011457785859
596395664663248896
596050961015115776
595984123560361985
595600695170064385
594239195838816256
593534666054864897
593511458354237442
593172851475230720
591371745560498176
590939386805620736
590131303351250944
589941325178494976
589182262274609152
588792342158647296
588777559644577793
588372479728553984
588331961921437697
588074789161533440
587727462286680064
586643802871431169
586620255545516033
586604879977787392
585922039590088704
585830329358934016
582657563256352768
582639956461518848
580832844748058624
580802437474316289
580455443752960001
578970839846150146
578288445627465728
578211074203361281
577886468921778176
577500215458045952
573627736574541825
571006591748743168
570675415108493312
570290472855441408
570013563764514817
568431539790467072
567809185065467908
565188660161953792
563437762976956417
563374956512555009
563042212385411072
562309634292482049
560908281309573121
560871541072990208
560157709593755648
559824348169531392
558363333745999872
557769105139597312
555830014143635456
555021388420239361
553187255817601024
552617383446450178
552520711718567936
1113254903491702784
1113173294759510016
1112857781957214208
1112857780954824706
1176878760550916096
1176528753952022528
1176518166589181954
1176518095294349312
1176517963261890560
1176517803458945024
1176516832146206720
1176516737929551883
1175556670728146945
1175156168496472064
1175121869181194242
1175106849139503109
1175015583622008833
1174774053665726465
1174753655628750848
1174734135044317184
1174644519901511680
1107046324053118981
1106622090642448384
1106279098488373249
1106184020533133313
1105550201291448321
1105513193722527744
1143673539066830849
1143615494999683072
1143527293068939270
1143221812781834242
1142444812748099584
1142408191164203008
1142137118724153345
1141766719352053761
1141739114959704065
1141421322737729537
1141421069783490560
1104855446047854593
1176517119367929858
1175806734285361153
1174753654034837505
1174453978895196164
1106279095141314560
1106255541033144320
1105606644053037056
1143689773787148288
1143605653883248642
1141867762257674240
1141442605479276546
1141421668730048512
1141421234082787329
1176546200838975488
1176518484529991680
1176517193636438016
1176514199524126720
1175081788777082880
1175057534459269120
1174434820128202753
1106921715622465536
1106921653722890240
1106601267386896384
1106556597499846656
1106292558609686529
1106202509687836672
1105835386515980288
1105595828922667008
1105555142886203398
1143673537540100099
1143642696780849157
1142096881524326401
1141739113495891968
1141525463044698113
1141468624827355136
1141421724992495617
1141420978272112640
1141419563340455937
1104935444624666624
1250812449869238273
1250776698590834690
1250167422235095048
1250076158949031936
1249818309295509505
1249763187580428292
1249752095844073473
1248766225582370816
1248330407910748162
1248301903802490881
1053004716463071233
1052983429644673025
1052570730473418757
1050541254587686912
1050123981750226944
1049000640167460866
1048694779041726465
1047949320157384706
1047924602238853120
1047609594707632129
1047575152752578562
1047244262251925504
1047235714654654465
1046915592597508097
1046782583030386688
1046721683426594819
1045054669935046656
1044666352076824577
1044587550868996096
1043167492368199680
1042784525196115968
1042033823163330562
1040306885113643008
1040015165490651136
1039994607776555009
1225434671879802882
1039981441801748482
1225434670474629131
1039921246086082560
1225434667786043396
1039897909964234753
1225223117800235009
1039891048749772802
1225156778427588608
1038175005065048064
1225100793818308608
1037772578457300992
1225087806936174592
1037394440938291200
1224871822321160192
1037381321570611203
1224702607685509120
1037074195358916608
1224465080647127040
1037027588387090438
1223730288704073728
1034817040299778049
1223671415293009921
1034448667003023360
1223294102273503232
1034157365535420419
1223266547864567808
1033035654526119937
1223036001901326336
1032651127320444928
1032422703796510720
1032326020974751745
1029774686073307137
1027706286425681921
1250827651318788098
1250526162750705664
1250484109144723459
1250421815144402945
1250213856695275520
1250105704133861379
1249853667773157381
1249853666334576640
1248990322748805120
1248647144703176706
1026561029302575104
1026532092161785856
1022918935501565952
1022574754606272512
1022542457844772864
1022229457271226369
1022142945422725121
1021796543500832768
1020422589364297729
1020377603180584960
1020370831195729920
1020272222202626049
1020081847110381569
1019694064244019200
1019693281180049409
1019583009492819968
1019532772841582593
1017877643289653249
1016431786946121728
1016103100971708416
1015729556957945856
1015228102673346560
1014958058601054209
1014958057493880832
1014958056483053568
1012076299270189056
1011964901521350656
1011768026914545666
1010224340506501120
1009244445940862976
1007358708056195072
1007254071739322368
1007022895644708864
1007006629445947397
1007006554586001409
1004445450018140160
1004150480501698560
1003767104758304769
1001893993414844416
1000859189948936192
1000693097766895616
1000134369128873984
999778868662865920
999424739302047745
999390173455667201
999380805788033024
999058435047067648
998676950091739138
997166403470942216
996018299216515072
995354391271092224
994945352141869058
994700193466605568
994204531264249857
993842765405523970
992491360937705474
992432596620599296
992118695106359296
992115916606509057
992071063940059136
991733552114028544
991322436531556353
991052014846169088
988774928790032384
987399487562895362
987009002239332352
984987045960585216
982299017408401408
979441940180754433
979433239319404544
979128077358895104
976575941433585664
970813162185543682
969331786365972480
969298928410742784
969006417519751168
968510929519431680
965224383034703874
964952594618531842
964557337318051840
963896476580614145
963822252230881280
963182938493018113
962672579847757824
961683322786246656
961321672585498625
958747174568890369
956674293546483712
956665264527028224
956235586930692097
956235438280372224
954605122260295681
954475229497249792
952888105308127234
952193519543771136
949085887224270849
949025233469624321
946395320434462721
945700742182129664
945021266045558784
944284578293968896
941763226341175296
940009824313663488
936644712802504704
936022737679716353
935575617294295040
933092242209751041
931517697904594951
930920240619323393
930889258700861441
930436997956685824
930200539148771328
926440725876805633
926073118082437123
925481635092549633
925336619879731200
923548988879638528
923289692677828611
922124617719996416
919266871496597504
917821144551567366
916036430073176064
913769317614923776
913420067257356293
913154581835771906
912743182672306176
909826532063014913
909105522388979712
907677034561904642
907351687865753600
907212345637826560
902638691792846848
902613194040070144
900100003376627712
899721525766615041
899700028444422144
899683468728250368
899663813972283392
896500376517525505
893184516461912065
890285778835734529
888428370089844737
884814512330768385
872472154285191168
871838685200822275
868125850264358912
866822163302666241
866754616767254529
866636526452699136
865261534292955136
864831895833645059
864593156540682240
864559617455640578
862756710351609865
862689139304656896
862308134987104257
862058551350525952
859399583776067584
858001341926572035
857632936056594432
857580107048910848
857219919397650432
856940543741480962
856516037864554496
852529739206205440
850011637742546945
849657573708005377
849303563000041472
847829431381094401
847206393794965505
847084214457683968
846846025524482049
844668533938278400
844652791297650690
844597804374863873
844181422244007940
843923861435547648
843205374727589889
839110689801310208
836690477256683520
836244510250151938
832584510353072128
826848086387519488
826605996483178496
825028192767389697
822237275866230786
821819580389748736
821817063291416579
819214969711501317
818978932053725184
818914918590251009
817740074162995200
817075191264268288
816416485283426304
809781319995682816
809781250185633792
809489159677218817
808684942687424512
806611028037554183
1225156780537339906
1224731065371238401
1224068340056018945
1224028290073210881
1223285481590403072
1223036051318550529
806147746046550016
803978908597153793
803258365350707200
799620790526164992
798933598707519488
798888337016844288
798586382071402496
798548072267513856
798240230100893696
798197396517900289
793791745037328384
793179520329216001
792002994078232576
791691366401269760
790993695172599809
788111101296799744
788091556284731393
788078046762897408
784102064267886593
784089702995550210
783721077503557632
783691110656901120
783680617686962176
783345273175175168
783332002116296704
781931099580694530
781891974362193921
781891755000094722
780900581300899840
780742557034840064
779445073482248193
778955672914395136
778949122514644992
778948974086619136
778931748159774720
777941698336944128
776496875834863616
776076965442949121
774955738040971264
772180644420026372
772180511955554304
768550605422026753
758656232542572544
757974805022998529
757610717600186368
757565168297664513
757561091589156864
756522236916461569
1250834175483052032
1250503890770046979
1250442687204847619
1250199519284924417
1250182249489801216
1250116424871395328
1250090941786075138
1249839376454094854
1249738233564577794
1249707881563381768
1249317364363071491
1248711537751207937
1248613908534837248
1248348857588748298
1248316891489320960
1225080343327399937
1225071508248317952
1224761946618187776
1223364436750209025
1223294104454533121
1223266540243562496
1154008388214448130
1153747757544484865
1153409648353009666
1153334808577302528
1152333008453722112
1152245333994430471
1151957464708997123
1151644732537364481
1151620686579998720
1151529408303378433
1154069787024211968
1153826386802425856
1153426602405126150
1152578273483862016
1152333020008833024
1152333005865832448
1091523900226322432
1091339850907860993
1091060880383639553
1090681583764422657
1090376343869632518
1151848471852453888
1151546113943580675
1091523854248366081
1091078664714895361
1153803199750348800
1153777022499479554
1153722063821164544
1152270963511369729
1151599868718264320
1091021519197745158
1091010977217302529
1090639492686454784
1090307408839303168
1090226947874017281
1186796012859510784
1186761016253784064
1186337055481257989
1186337054491320320
1185294600556163072
1184883277083095040
1184638495844945920
1184588317796585472
1184502364516110341
1240669287104286721
1240624768044457984
1240432278695796737
1240383413376466945
1240283858098061313
1239933297972690944
1239239159073722368
1238828392230924289
1238603299202482183
1238514716860973065
1238481292502671361
1238224605053169664
1238179495754051585
1240685168077099010
1240442894613446658
1240059242691940352
1240048330778062848
1240033378113671172
1239704930711109632
1239309177367007232
1238952561572487170
1238915537595437056
1238893509865869312
1238202194161283073
1240361443586969602
1240008082853449730
1239948683782873088
1239684351052431364
1239664619553263616
1239602186180603905
1238924320258297856
1238473451977027591
1111719912035229700
1111359234032259077
1110710655030562816
1110621239687761922
1110565036882362373
1110547157050949632
1110543178833293314
1110243114361544704
1110204508850790400
1111312216576483328
1111066224992104450
1110949605942792192
1110938545986957313
1110710653789110275
1110642422088912898
1110555788152655873
1110320011430764544
1110291317664432130
1110204498893512705
1109979109277478921
1111641038207283200
1111622588911050752
1111384302036488192
1111369669120790538
1111268140451811328
1110996159898808320
1110231327197065216
1220362241138098176
1220043454228713474
