1092821574737108999
1092565488666923008
1093998903475744768
1093655701283573762
1093655699459137536
1093644638529953797
1100155623822557184
1129459875547897856
1128783386829643778
1129501386742390784
1129155308570533898
1133133495482671104
1130964313290739712
1190394159636594688
1247309763169398784
1247196594522464256
1246228805968179200
1245796618223435776
1245749751196377098
1093284621809315841
1093014746591301632
1098429437299834880
1115014260197924866
1098800062510088192
1123351265961029632
1244740932693614592
1243626386247618562
1243352138836840448
1243269325995343873
1101627134118936576
1101259738094948352
1101121698445905920
1243025496419549190
1130947849162756097
1236115670242390021
1133522143940157440
1132025567019188224
1121945399252652032
1181711670558777344
1237931093170454528
1237467217031299072
1237137891395915776
1236728212690022400
1235768361512062976
1235669828050001920
1188956552901922821
1188167710963830784
1187898880010182657
1133421151013748736
1131728625567502336
1131283460155412481
1100894809835872263
1100427948069408775
1099123967451951105
1130543895102808065
1129147477251244033
1129068054317555712
1208164953636646912
1207711526666358784
1237510082272940033
1242903603280588803
1242653657377771522
1180276134891720714
1179888380596965376
1189236084103929857
1187845164984868864
1187791305470074882
1187439007359213569
1242652927728197632
1242471026375737344
1242235325730246663
1241870121867542528
1150786849935413251
1149862102867357696
1149124250130964480
1094018989179715585
1093943363735355392
1092542637335367681
1181711563448819713
1132025565899382786
1131249826878885888
1114005572708384773
1122291183768735746
1121890040173539330
1121125673047863296
1189985537995812867
1113804717669453825
1098691217544613888
1098082243736674305
1190361802871312384
1189689190302265346
1189585858929799168
1141017946715820032
1140725128080363520
1139226401679319042
1138899722150785024
1094223257836941312
1093655702323765249
1131283459136208897
1189657079964930050
1095870530316652544
1237862832684728329
1236070383801061378
1242553334231437313
1241079287782014976
1245396182471450627
1245038751342120965
1243648415176822788
1243294300055785472
1208138399703535616
1207486075159109633
1207381559663349760
1243025491319296000
1241094442448232450
1181693908713181184
1189186548132003840
1188160115158999041
1187898878932213760
1187748614396923904
1187089350175186950
1181711611159031809
1181611203417776129
1179864740295774208
1108823331699068929
1247652228783116293
1246115817613414414
1095744512746508288
1094324326009053184
1096182328790056961
1095358557896261638
1101167250126618627
1130471116135387136
1129147476068446210
1139668068672712704
1139161887910899712
1179179526519234560
1149746161382821888
1243025493835776007
1202407423690117120
1202393162863374342
1202276801051009027
1128677277733146624
1128434787339911169
1128384908647370752
1128013790031818752
1136273026440486912
1136273023319904257
1134272149907214336
1173337993530216450
1172989722236456961
1192931520195039232
1192625550768164865
1192518139419987968
1192199997447647233
1191493745889497092
943858883084382208
943296658124804097
943294926678315009
942460261058928641
941437616905482242
941381207190884355
941351942206427137
940791552158392321
940670310109638656
940402549718437888
938848132225527808
938445781689950208
938118458419621888
936809060338352128
936756257612017664
936698923586113536
936321164032577543
936006310646165505
935648106481405952
935629486497857536
935577044662013954
934525384506429442
933833229630627840
933177650251624449
930895901568192514
930830719139577857
930805591295057920
928720142736949248
927646574989250570
927581992828289025
926815378390515712
926188191597649920
926101772275453953
925476426119368706
923675782060404737
922969239044153344
920379835255590913
918298180713840640
917176385273135104
916020297492566017
914843478768652290
913838484829478912
913487521597857792
913483970263814144
913483625798291458
913483454536388608
912402750331392006
912397878538260482
912372831782137857
912034630152355840
911269445435346944
910613698598797312
910189925085122560
908435269434707969
908100323503493125
907361875716923392
906277074100514817
905796671099064321
905096782602018817
905096423997415424
904829596297723904
904517157077344256
901559641418735617
901265079127158784
898032664141115393
897886408832040960
897581189674008577
897282514431217664
897233269619650561
895680193750347776
893863316707299328
892873168880271360
891055891369398275
890706403983282176
890366511294099456
889885531563274241
888151228642938881
887768481512476672
887732190997602305
886683900889759747
886643301646049284
885649876436082688
885213390234374144
884829701289783296
882762790104178689
879473706883526656
879465164336238592
879465137849196545
879456506973999108
879452330709700608
877653632606281731
877653616819150848
875808862913409024
875002554199023617
874972838167490560
874753801986727937
874368240767692800
872910375624343552
872899588650303489
872899309834035201
872576064614170624
872507900517863424
870074496949997568
869275707112923136
867761599838396416
865669461910577153
864606602455863296
864572689528303618
862381058540666882
860180701366427649
857960913869189121
856224277493944321
855139776701313025
850434395836207105
849989442840530945
849987392178139136
849440955711279104
849358599918952449
849356555652927494
848191000396869633
847477394592022529
847465142321270784
847119508254986240
845033945582522370
844645174550630401
844328060199587840
843930695005343744
843892256193069062
843891464568537088
843890854842564612
842455693508644866
842190259060391937
842189487245524994
842095370326941696
841445737514819585
841373860666707978
839618631466090497
837791990658007041
837731119416102912
837433062975758337
835285888582082561
835285783619629057
832633675288162304
832368658282315777
832303877160595456
831984000185069568
830190883697930241
829477247174197248
829347546891956224
827610405635813376
826496937461440512
826281540950843392
806650644534874112
804090700178583552
804090341385261059
803385152307077121
802616895916474368
799730520326361088
799413060142301186
799375690604957696
799369299320111104
794225011338973185
789953901768212480
786667562415390720
785610053621456901
783062706274304000
781620419820457984
779391055439552512
771180735256330240
771179964179681283
771179579310346241
771178553442349058
769024725720895489
766082104383852544
765654071524986880
763117301784649728
761345893362786309
761302118485532672
753668054425427969
746113485893939200
745671816350306307
740573604652453889
738443231550132224
735128332803670017
732622482000257025
730466244948840448
730130066320019456
727953329897283585
727322148327559169
723628214472577024
722838978433564672
719913267179692036
958739418956947460
958530910621782016
958100322148343809
956691165407006720
956683982699147264
956633671213121537
955571469735612416
955180153696608256
954871503379730432
954624343346171904
953357053627650049
953289888035758081
952975191176392704
952252049521106944
714971006167879680
710853931799343104
705145943394537472
702962698426912768
702521119736262656
697498556891033600
693170681991843841
690231521597333506
690217485971259392
687095651990126592
679742281872707584
679488538468069378
675476623580405760
673956416344854528
672582745290338304
672458732199104512
672108723985346560
666393486774640641
664919240076623872
664642590659051521
664523977205772292
664238653317582848
664095684904157185
662409872441548800
661673101747494913
660256586498187268
659369310075363328
657315139440549888
656573918602330112
651867778580893696
646447737446133761
642444541421821952
632259024709357568
632225457056956416
630947092026949632
628615524218482688
626862292395786241
618851038741856256
617359175727738881
617097541339910144
616343091503624193
614109116429148160
614078735063646208
611962713858809856
611293527293628416
611291129204613121
611198287614464000
610833866287370240
610527697425534977
609473949941018624
608788109346635776
608757733555343361
608745290410160128
608745071467442177
608664464381104128
608649753484795904
608644187442044928
608640589874229248
608637416438673409
601785108421582848
598614157286576128
596719594913583104
595645411190116352
595636405897932802
591316310199525376
588725676263530496
586242364336902144
585606248260886529
583717661915406336
581480864724459520
574293566278799362
574266477601230848
574266309212528640
574247763954765824
574225618843344896
574210285331988480
573914793574268928
573847014863171584
570365139049787392
568476546593390594
568108538624643074
568106172710047744
565981102972866560
565215675564974080
563787755613081600
563739702021615617
563435711626768384
563432505131671553
563058456538939393
560906738153832449
555783583777181696
550544851746713601
540944644147019776
538747806677082113
538108548228841474
536976742293196802
535635777624223745
535635695218737152
535608059532705792
527590495170859008
527172764520947712
518293815070056448
518154004552228864
491742426466648064
490152365375635456
489476770551566336
488757245203972096
487316048157622272
486158454361718784
480064414960599040
466784022241095680
466317955295617024
463735398053580800
454511782707871744
454385532697841665
453973431839895552
453612464467628033
451841680963284992
451811930177814529
451788688251703296
451747397342101504
451735647313997824
451408499726360576
451391128399794176
451391062435954688
449276544112795648
448528840449884161
448484233406070784
447167256447827968
446390372608925696
445759926703378433
445642279479676928
443874970121158657
443869826834894849
443152626008342528
442077185038618624
441780854793457664
441683952987041792
441638997027487744
441596592768831488
438804107961573376
438756706706001920
436460157556371456
436246248405073920
436194796387180544
435761826735718400
434436275148316672
434435916354961408
433738949886881792
431893426989056001
431569410134798336
431198382799867904
430838882158931968
430777429108338688
430477798306623488
429002450930905088
428625250234802177
428350291059044352
426099011406143488
426082344106082304
425746660073807872
422787825415647232
421006051702358016
347800450415865856
347023970035437568
345626630821146625
345226502922706945
339857812215709697
337628675266719744
337292627827367936
336607819417677824
330409113865555968
329140630326480897
329139691725127680
327165597018357760
326875987256164352
326446597670055936
323884390033813505
322076776853544962
321757289218441216
321671153745813505
314473250044387328
313710065012068352
312267978106368000
309052558608060418
308987605872152577
308713500358893569
306493798106673154
304438172933320704
303659064439734272
301841844243935233
298863869189828608
297410696629592065
296731999396323329
296389461896474624
294881692701847553
294217239769542656
294203021481627649
294124246127476736
292344971128881152
289815195973472257
288380695548686337
281997053721206784
281559055103819777
278979529190539265
278979452350894081
278561236537450496
278146240460513280
271381297300127744
271356580304404480
271333686782337026
271296871887142912
271030103234985985
271029964994924544
270655074143965184
270650742468141059
1219365430449623040
1219104633479684096
1115696102962094081
1194012209178910720
1233471477095247873
1178758579572097024
1177042005685350403
1088470018482937858
1087845231847002113
1085654486947778560
1085615679850627073
1084938523466260480
1083753072596340738
1082766451176546304
1080887035240636419
1079186728433283072
1075093859049316352
1073975213010882561
1073629117239697409
1073623683061739520
1072592087349116928
1067904425774190594
1067091198119170048
1064553465077211137
1060285834493071360
1057796530218917888
1057320086778732544
1054917972836450311
1048667604058083330
1047518696330158080
1047296100439379968
1047286682519834625
1046901342571257863
1045314676240912385
1045086227974754304
1044366215123292160
1042864639065784320
1041864426465517578
1041410833295847430
1039935940372955137
1037881776558039040
1037870196130754562
1037809860459552771
1037526182055632896
1037516413940969472
1036985070639370240
1036952822535909376
1033472574473334784
1033109317283704832
1033010085507866624
1032861139888046080
1032654486785982465
1032460811258736641
1032359485300506624
1032104612180971520
1032057167808004096
1032008511197204481
1031996821047009281
1031973509877116928
1031731112610078721
1030133927237832704
1029804279211716608
1138502354100281345
1029802988351696896
1137867620504526849
1028368569862483968
1028078303020830721
1027285190614310912
1136757914876751872
1025416834353381376
1136660766906560512
1024722908713811973
1024353818732052481
1024297938284097536
1022993293133717506
1022985347632951299
1022964802237472772
1022545724968521729
1022284604957499392
1020027718459625483
1020027423163846656
1020009776015691777
1019675918531428352
1017530515740651526
1017122332966563841
1016752869578506247
1016489286907121669
1016489097647542272
1015018199769862146
1015017994026672128
1014711920664948736
1014319828285390849
1013120339226738688
1012047983007977473
1012047873318498307
1012047812379533312
1012024577608896515
1012024571329941505
1011656058509676550
1011363908521775106
1009569469180588032
1007336771645050880
1005933899082600460
1005181834450423810
1004383933767868416
1004182638314315776
1004129341863755778
1001658555060105216
1001286524367982592
1000969106139443200
1000542413285347330
999711572585951233
999691475377106945
999465824065867776
998978016163266560
998319737967964160
998275257923497986
997264338653188096
996825581479186437
996199602729766912
994744010001604610
994358859606130688
994294754157490176
994021578362048512
994015200595542016
993974984514121735
993909316217384961
993567538553516038
993486879193554944
991859138949996545
989535653527539713
989214217294278656
986749194546401280
986270801983954945
985933651081945090
983445211916521472
982314941494513664
981919294605803521
981306370950619137
979559054522667008
979075077240061952
976947793632866305
976833318972018689
976572871484039169
971514883354386432
970132163587813376
969295116686036994
968585707034947584
968283721391595520
966765600818147328
966765457783980032
966496340833390592
964606070692950023
964545097303052290
964262629530357760
964262624413274113
963879704196407296
963460634452078592
962101250203508736
961288606794092544
961017167218176001
958739537915727873
1119040244387651586
1118886794492293121
1233054717120524288
1137080818738900992
1137032330714013704
1093208662372438016
1092924315895504897
1115375890169585665
1115014260806103040
1113877162707292163
1109273320359411712
1109245995437699072
1108432556112965635
1108152492733464576
1117083094287355905
1118685095651622912
1096533361152147456
1096193848026558464
1116355115131260929
1116349928555646978
1116115187977920512
1116054357663997953
1247901913661575174
1247679003860893697
1247551835012988928
1149514551160737792
1149419268443975680
1149317783852933120
1173966758702698497
1173740697628925952
1171954747160612864
1245495686050824197
1245166405160443904
1245101738778124293
1244684107524837388
1243584158640885762
1141146927494549504
1171565163016871937
1171509752406216707
1169466985245290496
1169389778070122496
1166140479928451073
1165443630259064834
1165098576244039686
1164727741104758784
1164342931001663489
1163890792768970757
1170024517114224645
1169466946225655808
1102008407618404354
1136273020492947456
1136273019079397376
1135624147843899399
1133932837294477312
1133764587420082176
1216869283726229505
1215672868350111745
1215378608107261962
1109950362847531008
1109246108113518592
1109246071950270471
1178703642913902594
1176990007485243393
1194012207903903746
1192247329845366784
862745713700110339
1171494405611515905
862422390130823173
1171192051750395904
862095804328267776
860953467224956928
859454088521580548
857968150821969920
855842179943739397
855440904861167617
854774023795945472
849764756064014338
849673084424638467
849027780838916096
848191269419585536
1257808231256162304
1256425769913458695
1255961815512645633
1103065539029725190
825871153839214594
825531875968049152
825124910959849473
824777317327179776
823598444031905792
823598372598796288
823598273881669634
821802938939174918
819607783372886017
819607690662002689
819607488832147456
819567223958290432
818907107097509889
818643621738123264
818572193164652544
818538396306046976
818536897026883584
809035884972609536
808810857249599488
808809906472124416
808809617836937216
761311736133775360
755901458541936640
753385042706071552
745712326049935360
745689423782764544
743231005834809344
743213506615345152
740656241282846720
740338460431548417
740325960852115456
740241133071151104
740163548114980865
737432250350850049
734920529275199488
733727468893442048
733063116741730304
730055100551548928
727978308625960960
725061110550908928
725000391319031808
722880466261565440
710928206057054208
710511123708178433
707372636288888832
690626811013787648
690338598890115073
688129272561586177
608035819824246787
597873074277593088
595699505149837312
593116129859641344
591247890179366913
590888261108764672
589117560181895168
586627593006268416
586298459772293120
586246244298797056
586238793780502528
586193910554177537
585869292501135360
581290662366208000
574386205321646080
518148690356494336
510097174332710912
491997796333928448
491266832155017217
490171302813376512
490170341998997504
489828382381985792
486159015777677312
485215045656145920
483699707290861568
483699442256973825
481924582132445184
478628190521659393
1103111732883525632
461551428679385088
454021669007659008
453972955434090498
453971641140514816
453963009044774912
420684820398608385
420637476370128896
413469754473463808
413064349683429376
412741191197683712
411561600378601472
411561123964387329
409061712910774272
408389210932932608
407960783717273600
407915968019460096
405454862411788288
405057433770270720
403988181764546560
403306862021316608
402824988903735296
402483649570148352
400745131084505089
400707224273580032
400693395728789504
397449333609467904
397406745800093696
395641211576266752
394937429494222848
394935254651129856
392339540339216384
391281519857119233
390605169341108225
384779190249078784
383708546191224832
382991498947465216
1194012206947557378
382991095858081792
1192980574916481024
381078007890182144
380038746298527744
379985506182127616
378273520226025472
377201288112402432
369580242190356480
365635414125576194
365634783788818432
363359989408071680
361914106875346946
361878536832819200
360482963881865216
359749576858669057
359396345188073474
359394888531460096
358328336277176320
357959358157565953
357516883697741825
355753642642513920
355446205850984450
354678987483672576
354678525447507969
352529134620131329
352136928839204864
351824411264954370
351817914510348289
350353004857262080
350352780260683776
348118620481671171
954835824004272128
954624347628589056
269500966389288960
954624346638700544
269459476510306304
954624345183268865
268488284341157888
954444179924553735
268487898473570304
953723418519724032
268487511393857536
953314806966243328
268455947553366016
951257463973556224
266947787265040385
950836614363844615
264487723547631617
950498767584800769
263762791314370560
263761206991532033
261924203710775296
261587126305562625
261582215077588992
261499383927959553
260863938370093057
260853961785999360
258690342071713792
258690071614595072
258599211652767745
258280932287586304
256516064362520578
256515505689608192
256474733791571968
256184620360536065
255748544693141506
254776844962889729
254774604898390016
254761848233136128
254687225877520385
253597933101015041
252870490287374336
252847461859729409
251412866278780929
251029446260322304
250721227314958337
948659612944945152
945445348855517185
944333324931170306
943189357288218625
942805820764549121
941777671062786048
941428226668232706
941011046042652672
940631102015799299
938179329783189504
937829131345162240
937767370025816065
936697066423836672
936688918413627392
936403212009164801
935946474327769093
935895535155908613
933854808959729664
933606390286782464
933109495441473536
931305908306632704
930554661215580160
930508678632964098
928696871798886405
928405063009275904
926096289368076288
925414346943057921
925172837824024577
924737487267868673
923967009079033856
923683693381783552
923269742688862208
923242817304002561
922998138771611648
922138270414368768
921137066594983936
920719841543311360
919975629151449090
919975023984742400
915712596711546880
915705017021190144
915299833069621248
915232039909122048
913858475582779392
913195379268751361
912763714289455104
912762928696348673
912437076985024514
912426316489744384
912397138503589888
912067053523226626
910959237714644992
910217143471546369
909900500220432384
909826501633351680
907717802785681408
905629794410344449
904518375837245440
904518194328678404
903087657596616704
903086768177594370
901235136074838016
900093610393317376
898780636617601024
898606957858140162
896921146045546496
896489197455908864
896488798112157697
895103414014816257
895103306800017410
895103095675420672
894350105586913281
893115494747787264
892751881063333888
890706489354092545
890706128287539201
889968216482697216
889885368576880642
889591271416844289
888159192489623552
887435811884498944
887297499114995713
887123407401365504
887020875844907008
887015371177439233
886278946383437824
884868374408331264
883390917343932416
880908795379159040
879415117368131584
879062823845978116
878369257784045568
250617981678264320
250284997787930624
249262785475788801
249257142639529985
249245093549195264
249189680887762945
249144689167589376
248920802911735808
248919386272976896
248800666280136704
248776747426922498
248496297076748288
248120001645662209
248119848675188736
247743712371810304
247034201432543232
246735407914557440
246688893947219968
246604839516241920
246341862024159232
246006628904742912
245626892546342912
245610391009390592
244885453176705024
244177864776368128
244177511171375105
244174545446133760
243424213959077889
240585743259537408
240197685859205120
239876715147575297
239866371503190016
239081772900560896
239055833776934912
1257031134891966466
1256338921211887618
1256023687242887172
843892164547481605
843890326255362048
842375268949979136
841439329306185728
841374561551695872
839178909665083395
839163673268654082
837045073393111040
837032064704708610
836767351521619968
835286496772960256
835286305864986624
835286023466700801
835285667743584256
834856347959226368
834836741773201409
832267941651574786
831640502898393088
831584664116662272
831272276926554116
829834436166479874
829418494533971968
829407065282113536
829351011932336128
829349905583976449
829349237716611072
829120296573628416
828799476248825856
828745809160241152
828006295231930373
827587778498150400
827288670629662721
827267474554904576
826204821397073920
824322641049907201
823923705453707265
822522122266349568
822163219074654209
819606946126905344
819584683482742785
818916839187214336
818906153224704004
818905806380863488
818556567175962628
817394263118016512
816814466641920000
816491292888809472
811302775254618114
809457168965599232
808810733211414528
808810170738470912
239033592490106882
238662576450445312
238380120828698624
238347276811132929
238315679231664128
237985157292912641
237576233657987072
236921550450868224
236920678102757377
236919173941432320
236882184819052544
236536157872193536
236535123896586240
236523942133776385
236163593622654977
235937960451776512
235924297837850625
235816740058185728
715628692651659264
712649120691912705
710858525333807104
710131685476716545
704811225830563842
702169217928470528
693157758594650114
690231183859408896
687097906617315329
686689979448307712
679403108699660288
677970167725428736
672125776884580356
667848884450934785
666684758798303232
660164090317430784
657256760907059200
652135473826033665
648937168858185728
648591795081777152
647831763088224256
647129381865922560
647054673413849088
647053118673391616
646087332878127104
646038170526740480
642490566379311105
638050982950076417
631638000233938944
628423755950391296
628303924408270848
627186377214554112
626146032712347649
1219667267685900289
1217236179818549249
608747872574652416
595649323808919552
595641156240863235
591252622117629952
590892396424101888
588025478902112257
588024957122273281
587719149809442816
586299134509973506
586245506164207617
586242330342076417
586234476835053569
586225786308263936
585945185994944513
585264601136136192
583691195680952320
582996575934238720
581189456469856256
581172146736652288
577908650817294336
577908262017830913
575781612656291842
1196545693432909827
1195376998077681664
573846751544741888
573240608652963840
571434840060510210
571433131003256834
571393982426521600
571357044701339649
570612462007021568
570590924239200256
568160725375586305
568109536181145600
562676494745743363
560935191255203841
560899371534123009
558409528807792640
558011313843363841
557977065014972417
555143011571867648
551675905840803841
542771106063847424
540597784416903168
538108012263919616
535634427985289218
535606202215186433
532199751429914624
529460552859680768
528375070872600576
527538308529025025
524035742679719936
522916534348693504
522915366398603264
522854076560596992
519249349205692416
519231217976082432
518163858704580609
511584556722716672
510506947146424324
509381454091288577
504332865971453954
502166310906654720
502154167432257536
499926538658516994
492061098330578944
491996654317600768
491646584267235328
491591874625687552
491576129107812352
490185935511097344
490149878929293312
489820068629716992
489819882301980672
488756915754000384
487643291660603392
487230844902592512
486998410986553344
486997003176804353
486158500926857217
484036649475514368
481888122444455936
481561786492407809
481142514901344256
480060602979590144
473868688610050048
472457527062704129
471056126885502977
471055785431031808
469211903114633217
467392523917598720
411223160483115008
410506369536499712
407986008127315969
407911787493728256
403306471854587904
403242511591686145
402911736283799552
402911526555639808
401120250109763584
401114080351506433
400743717998325760
400348369664495616
398932462568345600
396041620207853568
395936032396283904
395268128189730816
392818371961421824
388024197143728128
387599577118818304
384695099168276483
382913382128443393
382604636688883714
381890421057540096
381123453840928768
381119246584930304
380402091534983168
379727158467244032
379648618493263872
377898754445045761
372839403879530496
365223415822573568
365175091484581888
347852983658229761
344918815559258112
340216300833996801
339860709208911872
339101709190168577
337291804208668672
337006368760401920
336940200133525504
335081064655622145
335076244012011520
334435878996938752
333945243454042112
332534618463014914
331827198451392512
329659998890254336
329618893188505602
328965264098082816
327166872254554112
326728536058642435
324961311719055360
321381528770859008
314505141845893120
314128045487316992
313674734103572480
312672219052531712
312667569385508864
312343303758684160
312312614988423169
311963210200784896
311527362707746817
310089952165769217
309755601293025281
309064416060661761
306848484319969280
306526975940521985
306142696895041537
306131900966260739
304350464286261250
301759000767250433
298863423540850688
298526198605164544
297453057741058048
296655567550812162
296655008110374914
296020279367434240
296020115332399105
290834912221753345
281556456480833536
278241493448278016
271296429799112704
269557633327976448
269168914179715072
269154728540246016
269094176715579394
269093284750688257
268777727635619840
268771905023123456
268720706949349376
268492982976663553
268479060794019844
268054390441664512
268047285903040512
267027976632295424
264489264891428865
263760990687068161
261924272732246016
261499103857500160
261219240617578496
261198499364884480
259413308354985984
259367393514647553
258325231918276608
255799157854453762
255770308487823360
255748475512295424
254776525403070464
254774063585697793
254761640061444098
254691758552776704
254690493840105472
254690191506300928
254370983488663554
253556590395928576
253555081012727808
253500284419047424
253251875967746049
253149507229978624
252870426395549697
252847568088866817
251071352918917120
238735265114501121
238407378586980352
238400432458833920
238393168058519552
238345771332796416
237990957566550018
237990223387176961
237617139404640256
1219423245805457414
1219091166718758912
1218664723379642371
1217953642030026752
1217922678381842432
1136273024771080192
1173337994474004481
1173337992234242049
1172620875167870976
1216813751552397313
1215423507300929536
1215007370377617411
1116827244272541696
1104182843989725184
1109246037288472584
1169791209436405760
1103342603301462016
1136273021868695554
1136042842839814144
1134625573555380224
1134270443391791104
1088580165616185344
1087554773732286464
1085585715310809089
1083549374628745218
1078447695537340416
1076344712389447680
1076344711412109313
1074019050257346560
1074018934557425666
1073998261634170881
1073975214055325696
1073975211740012544
1072999466322616321
1071511609967894528
1070103353655468033
1068231772016701440
1066403147671879680
1066397391048384513
1065385946831560704
1064553590013009922
1060944870012080130
1060611274357334016
1059487808698638336
1056367862154182656
1052696461283155968
1052329872125771776
1050574134974009344
1050460811850895360
1049699200634691589
1048894168200896512
1047935715621974016
1046491591916093440
1045473012844253189
1174070775445434370
1045373692300210179
1174028242627563520
1043213752156467201
1172171921544359938
1043186503579512832
1171909569553031168
1042882392736845824
1042609596647571457
1042123471013195776
1042109171548794880
1041410835225214978
1040617321453240320
1040287078167339010
1040015709974265856
1039270449639776257
1037721832043020289
1037710716952870913
1037492184096886784
1037489759491432451
1037470562052911104
1037096919703662593
1037061463725297664
1036991718565052418
1036975586000941057
1035520719780831235
1034546249779884032
1033830299979993089
1033190702342189058
1033109270529753093
1032796503713239040
1032426820988227590
1032425900086906880
1032409250943979522
1032385811365257216
1032327478063321088
1031907449614229505
1026550499141607425
1024284886553817088
1024284087480139776
1024039420226412544
1217225167782498305
1022993423949852672
1022517046121254912
1022282626097446912
1018922065494200320
1016489210923057152
1015310666419273728
1012423773092376576
1012047902661898240
1011664122952470528
1011641313261965312
1009568104660291584
1009554218116624385
1008789297699401728
1007297136294289411
1007065704967925761
1002677549565083650
1002386323435646977
1002009612827201538
1000182016493670400
999693102213468160
999107371208146944
995004586007162880
994979184383545349
993975261384314880
993896936229998592
992309215325704192
992283623913963520
992281945047351297
991511889724215296
991173093111541760
989535655251365891
987743080857133056
984995856930787328
983824208324104193
983479961322446848
982494243741552640
981306272480980993
981306051311128582
976947261384118272
976191195515727873
974087181471047680
973703550332276741
973703547228508161
973616036955254784
973278722789904384
972245240374546432
971891214785110023
969676784861155328
966798356625395713
966789582200045568
965695533590503426
964262935659991044
964262627160576002
963860573736890368
963188829321662464
963188117766397954
961855518649196544
961369616009388038
958545204151074817
958539972356853761
958514927425204225
958439346696318976
956544182771953664
955571476354273280
955571471274913793
955166450754482176
954770511460012032
954466221054980096
954391504356814848
954167910951473152
954062735431618562
954033919715958785
953835659860430848
952626672255238146
951885322090156037
951835131400028160
951130467239161856
950741475565953024
877688528460808193
877641002340823040
877640415557685248
877542447861071872
877535966881341440
875437005886418946
872959318546665472
872917166672228355
872899476293373956
872897809015615489
872540895454928896
872147303372660736
868297510850351106
867511447672291328
864596839189839872
864538850244349952
864468905376583680
861976812540375042
861974843775963137
860991504520626176
860270946807971841
859813840653045762
857958553809809408
857633877375975424
850433448175185921
850018771981017088
849764557975416835
849377084753555456
849355415234240513
849349580462465029
847087843864383488
846498821291036679
845373272132927488
844683617007800320
844562343975702528
844329790194814976
844323949609734144
844208858151182337
843896019830104065
843892644455550976
808809489566748672
807357959793737730
804033736681648129
801572851094462465
799368830564765696
798638528544444416
794554797990887424
794290305520410624
786388276051636224
786248017506607104
784910687470555136
783693958991994880
781884060696088577
780871568935292928
780567389540716545
780567183436886016
780566990326894592
779039628175282180
778349031542050816
778001479009525760
776843223658397697
776109857481031682
771181590143643650
771180892978941952
771180248398336001
771178901213024256
771089933440344064
770741169684779008
770675380957114368
769311368142925824
768936490940243968
768517813585797120
767880379613138944
767227590784393216
766349268181512193
760958044075417601
753341638097924096
752654270219087872
751133732799643648
751127603713544192
747525618481373184
746161054221230080
745702142233710592
744941124591095808
743252787442626562
743232092297900032
740917121908117504
740679679514955776
738465324949987330
738065945525161984
727595264995889152
727321722693771265
725855426961637376
725767533765222400
724982137892515840
722200750831575040
719986168528564224
719958403032944640
717105565026152453
297410467176017920
297076562069704705
296311818136219648
294879679058432000
288380574207451136
281945568824139777
278244467591507969
277091588184891393
274204310349438976
1199439448389410816
1196863319715536899
716385396599496704
640901122845048832
626146090509836288
624299046111432704
623911858299346944
623243346602012673
622107920734490624
619279923102900224
618923224915681280
618848871414956032
617676210437496833
617675414127906816
617516707460939776
615990176259534848
613459902254706688
613453356334477316
611549979619000321
610882035704549376
610880601307095041
609060055812550657
608787437658251264
608749462341713920
608664888672694272
608661598601945088
608652127318208512
608645294285291520
608640833236160512
608640062608273408
608639419399176192
608637809746939904
607670299677609985
606588792380661760
605467511589466112
603753914668814336
603709529273012224
603346263292121088
600784257540206593
600780765400604672
600738050466021376
600360086566019073
596736432321875969
595664403422314496
593905515081654272
593840368988348416
593539292347146240
574771665378344960
574709955523133440
574389432696049664
574388427854123008
574385445632622592
574385126026702850
574294287103492097
574240797270368256
573962361737977856
573899544066457600
573882880784482304
1251162963064442887
466251436318535680
464526190217551872
461980414048223232
456173128323194880
455819937274396672
455818667167858688
455814447966453760
453972749263052800
453972281543655424
453972015729639424
453214650877104128
452090905106079744
451777383633526784
451744194655444993
451119980239945728
451102042187382784
448862022453985281
448468603667755008
445741525914247168
444233886311002112
444165638006005760
443876977296945152
443872366729261056
443503804466479106
443148959373357056
442077012274860032
441686428905250816
441356166824599554
441249684091179008
440987083180482561
439159398678933504
438801646576234496
438774917933563904
438774329611141120
438450831919046656
433372521367232512
432952409745522688
431569980237164544
431560867621376000
431551595336458240
431542750962384897
431540795582066689
431469675956822016
430845159341711360
430780065823997952
430477675224776705
429020675357941761
429004362363707392
428668666587000832
428667285671145473
428369372214611968
428368359185330178
428301783145140224
426512365350174722
425771647610937344
424264679716708352
423935987186532352
423848047895138304
422786776931917824
421007360593633280
421006912222539776
421006514715758592
420563713582575616
420274093271687168
413472646991343616
413451558198595584
413061785554386944
412739456265777152
411577700747186177
410881258810376192
410880027010404352
410151769000267776
409060769615970304
408417051804319744
407985658536271872
403311547260207104
403308371807186944
403260590040182785
378639436021379072
378256880755163138
377921427011149825
377921255434776576
365634356594749440
365571337995051008
364498233164173312
362679467400896513
362632137066811393
362631150461673472
361878259073433600
358336509746753538
355760827367829504
355755882862219265
355752528056561664
355752249080807427
355746997220806656
355444989246967809
355442285514731521
354977819304001536
352908468316946432
350316719593648128
250609965427986433
250338408797450241
250331986894409728
250314326580285440
250309158325321728
249189109346734083
248922235631443968
248921767400308736
248920297011544064
248815838579286017
248505561606397952
247822213925965825
247787410354749440
247034107807268864
246690056578924544
246688576383885312
246604973058686976
246388021522485248
246343430177972224
246328621856325632
246328614432411648
245630747015249921
245223275641315329
244165919121747968
243802267277475844
243436461687447552
243410735202459649
243074653659230208
243071520363134977
243063925082578944
240933362221580288
240924615998849024
240853455474929664
240586346450804736
240585855696244736
240551711847100416
240520043354542081
240185698806808576
240183098271211520
240143554515697664
239877174453207042
239876646386163713
239084386631430144
237585527027683328
237585397952172032
237575961376342016
237032639448629248
237006244961992705
236924566058979328
236921134849863681
236919885735817216
236616001125482496
236537090656063488
236535576478760960
236533316298350592
235925416404209664
235924113020039168
235821820970946560
235816270518419456
1196522074598195200
1195066857679659008
1195005976648257539
1194720236253134848
1214332159638548481
1087554768074170368
1086819222439841792
1086754060299091968
1086070625976741888
1085966588292018180
1085340939009343490
1085246962457284610
1085172124170547200
1083511295457017858
1083081670469869568
1082405925581922304
1078105903373574145
1077332108530597888
1076344709809885184
1075939328193429505
1073775915811905536
1071150148389085185
1071024229045415941
1070802254352039936
1052329995857788929
1048396525225857026
1048241125360902151
1048025852720635905
1047228755192807424
1045694758197350400
1043337848399769600
1043210622157168640
1042866493455777798
1042215602113404928
1041410831513206784
1039304173148418048
1038130557002178561
1038121752977653760
1037517765496717317
1037416206280654848
1033436456868634629
1033025593972088832
1032468718264221696
1032436325713149952
1031711890370650112
1031581753151025153
1024826299410468869
1024741487161102337
1023961568420261889
1023954312194605057
1022514900483104768
1021475238784258048
1019708719473549317
1018930474146779136
1018589823140016128
1016723613309919232
1016488937685176320
1016488780071567361
1014238280211226626
1012339575241486336
1011410616727298048
1009569624483090432
1009467472972525570
1009058878519050243
1006970204839137281
1006969762100989952
1006609204159934464
1006278788509028355
1002656660899315712
1002018566366027776
1001647528343949314
999386201613357056
997509604128018432
997239496071663616
996921891662323717
996826176759975936
996442363307454465
996422889208467456
994023224236281861
993974810303696896
993679086236168193
993566783482277888
992931191056547840
992930605372293121
992304952461574144
992281945055768577
991044587035734018
986749112627294209
985979493352427520
983842944892506114
983834519445876737
981382347772874752
981335981201805312
978803249695395842
976911270279548929
973703555587637249
973703551804420097
973589934979403776
973586843177435136
971795596762910721
970757821951283201
968549348895313920
966854339254943745
961855521891348480
961017356892950531
960557933766594560
959505911671853056
958423552033730561
958415010824380416
958104821403455489
957022539192119297
956279996498300929
955571474412261376
955571473095249920
955285488344207360
954861745134276608
1067904276150845440
1065768661489733632
1060286074944192512
1055228384190566407
1169467030220738565
912763215712542721
912763101723979777
912762829173874689
912699666264977409
912397476476354562
912397272255811584
909832424250593283
909802536646905858
909780086022426624
908743098049662977
908718909221736456
907385354474450944
903433158238105601
903360716408856576
900174746125565952
898607057397575680
898403454887919617
897630700203118592
897282459192184832
896231817866612736
895741707861491713
892526708519292933
892152631476596737
890706252350750721
890337280677867521
889901057417113600
889886078966083584
889885856231829504
889874118358827009
889548653429489667
888112978666684416
714970952338157570
714532788096008192
707305593523073025
702647010554470400
697085452180983808
690579996612505600
687055574610112512
675048497830326273
674749898114240512
672462139173568513
672459746574778369
672131468303458304
672076540251734017
671834685434130432
667716030718955520
667385722442293251
667366073692504064
664190942807650304
662409808289636352
661673078141898753
657693053373706240
654335893248065536
651420783437328385
651417567995777024
649349701737820160
647044544899469312
646881555609198592
644282480795754496
643551316762099712
642121751099506689
638884479034093568
634886835899105281
628567538969014273
626882929352949760
626881458091769856
626862315036655616
624252445011611648
623560009604026368
621045459440771072
619275410006757376
618925236621287426
618832955595726848
617499529848471557
617097597522706432
615990030947913728
615667929468813312
615631932655816704
614452551333888000
613815988245532672
1103782403837960193
1103385605843705858
1103305382020239360
608751780789391360
1102964514398572545
608746648181874688
608739446670942209
608731973490720768
608727859251847169
608727709909442561
608668039433850880
608666484261445632
608656701311610881
608644004897505280
608643485730766848
608637038523461632
608631761367609344
608348299477819392
603331602484178945
602967703968681984
601814075866222593
601092931462762496
601085003901075458
600373463782694912
598247557576433664
595694726705188867
595661760763297793
595632602381430784
594242928186384384
592819695381807106
592713916150620163
591701873171767296
590910037855498242
588023630493253632
588022903603593219
588015192560246785
586658636388143105
586658382016188418
586248748768096257
585242282208526337
581480710399225856
581290751423852545
581187226563952640
580088188468858881
579801700728438784
576442489059561472
576442413134270464
575108617596239872
574728578316763136
574574818957328384
573960284693512193
573959227221405696
464522757657886720
463800572034834434
461943223070765056
461551608967352320
455758220477628416
454021206048780288
453973386247819264
453972557927309312
453971923526221825
453587320286224384
453190620568625152
451811555403767809
451787365707956224
451784843299663872
451391051786641409
451106048129380353
420332196398788609
413487932742193152
413038557721161728
411584403874123776
410907310551097344
410907111598485505
410891407658729473
410561228637863936
410506512151240704
410472879755522048
409061897158541312
408715026812239872
405083274210332672
403246811231436800
402919021428744192
402818204214366208
401477082619736064
400754663139442688
400745530872958976
400719139435585536
398533801451614208
395672630100901888
392784061808140288
388334739314466816
388027304401584128
385842717198016512
382622108724891648
379664929168449536
378272511810498560
377900634705383424
377201365274996736
361878365407424512
361878313242857472
358327626026348544
1128406489599758343
248920366280495104
248870746166800384
246735911390412801
246729511159341056
246686407115030529
242835312953397248
241284538507096064
241263395658141696
240924938159136768
240898966064082944
239055451042500609
238422974263349248
238381165860507649
238344312017010690
238002371718955008
237992545911717888
237990159537287168
237987218810097664
237985127165222912
237616959527718913
237576035691012096
236536771092021248
236534565626314752
235926697139138561
235926570475352064
235926015946412032
1219739201815576576
1217982930800336900
1195426719769006081
1194293963919941634
887857472106631169
1258104183129018368
1257779655479832582
1257445131315302401
1256382537393491968
1256332083842019328
1255961831002210308
839850402422079489
839200024483487744
837726011437551616
836759193801588738
835286601487917056
835225183786954752
832270922874834944
832257578063237120
829140168724643844
827608879769014272
826636491925360640
826498449759694851
826496986438369280
826186046043987969
826172396902170624
825773661332332545
824667966117728256
824019835533348864
822150242678308865
819668495680045056
819607291204894720
818953871708028928
818927638924394496
818863832269541378
818861843187900416
809456922231455744
843890576428863488
843889685051138048
843889271803183104
842190144119689216
842189790372073474
839520745092956160
839208503038324738
838903643961163776
838857479140306946
838410290609983493
837808388306259969
836768021704237056
836703667289980928
835286707889025024
835286415814475776
835286132669599744
835224376609910784
834855787033919493
833525196380188673
832617267166797825
830126919832240129
829421574629556232
829352037594853377
829343184576770048
829139571103395840
828737325861568512
828712366867103745
828006738766987264
827640782064582656
827546824428904452
827546649186725892
827227796883795969
826533088096292864
824668125836832768
824023011527376896
822859232026492928
822808128534278146
822128916722810880
822120392768847872
819611583534002176
819595518380834817
818975299006320641
818903546250797061
818575095614545920
818568147322159107
817503088240185345
809456804799332352
808810580760989696
808810014769086465
808809748313292800
772945251497541632
771178191859748864
768115703660449792
803785707240230912
765331586933927936
799369449459613696
797290917774258176
796963736892227584
779374889052536832
755901552238399488
778347535253450752
778346487755444224
753310239219408896
775059123188690949
773916948254064640
773623302959095809
740653724062896128
771182190512046080
740550720462704640
768901457366151168
738395478291800064
761283206888955904
735585886591700992
750154809760677888
749291734086156288
1204144969688244224
731257491305070592
747923434416574464
1203458289717133313
731243305267236864
747584402209804288
1203458288530132992
730910187306008576
745812839571529728
1202358663471652864
729695558106009600
745714494530265088
745714325134970882
725001548011589632
743181622778957824
722570338249351169
742052402329587713
722226125812953088
740546942355288064
738442322979885057
720623662924177412
737016185296965632
735566070505975809
734860978379063298
733780233451671552
732976144417468416
732596783638011904
730048939123216384
728313003557453824
728057438314725377
727573622513000448
725000121633611777
722569006566260737
722504660846833668
719931843966066692
719916135517458437
719908399039791104
1255895624844746756
1255301652376178688
1253845092038782977
1253812414736408577
1253456320981798912
716370452403265536
705516876814794758
702528519868424192
696869172060561409
1144746039540441091
690230993404428289
1144713308320219139
690204056388812801
710917475198574592
710873545258086400
710569931897614336
705064334557364225
702574715060277248
700830994119704576
700507967737700353
697544066700079105
695673425034137602
694984300106743812
694653819020509186
692450672290177025
690221108482543617
690205075877273601
687101917634387968
676496202427473920
674734595825344512
671833239477186560
667067678570467329
666413093669502977
664224910311563264
661672595280953344
659867856339759104
658767779500281857
657677377145827328
656590803393839106
656507270650445824
654772937841446912
654442124952383488
652239486919802881
651523962413912064
648936204885446656
643603669188018176
642031548888387585
634812918522073088
633493623007518720
632256799568228352
629365906158825472
628309560210665473
627189121027588096
624283435998257152
624281840354988034
623556363986333696
621753806435561472
621402654393135104
621401498476523520
621045182474158080
619173669823188992
618897307568873472
618789339569496065
618789220304453633
617873724516212736
617097392203001856
614436384007417856
610917817538453505
610534410929221632
532927733580693504
528248564057923587
527890973628850176
525451595690303488
525333338111086592
524734604620873728
522916318652420096
522457137042452480
511576265326100480
504340818346659841
491715880787537922
491568651032887296
481483182400081920
481482655096393728
481482455384604672
491337131781263362
481171286673330176
490151411972583424
489877265304801280
489132549328084992
487230686236250112
486614949062799360
486254525565915136
486158472346865664
480063558982852608
476778451274579968
476767818365804544
476054771431137280
473501938240471040
472326383054909440
469246463353307136
451119994500575232
377863615891533824
377201432782311424
465586057971380224
461994867246518272
461576478506102784
456545603321729024
454363328731951105
454341275383119873
454328839574147072
454274105479819265
453971814587572224
453299263380783104
453213093930467328
451843232289550336
451841905777979392
451813645039570944
451785520805195776
451408517279543296
451391110553014273
451391074163249152
451119962208620544
448861688708988928
448206191353933824
447836971319033856
446022594106388480
446011676681191427
443875889906864129
443507051302375424
443481051810504704
443150235779735553
441662521779707904
441642028355420160
441637784475156480
441352422380675072
440989867455942656
439098370225745920
438756483812323328
438455106640433152
436709791147110400
372100216377188354
436247119000002560
370962067248783360
435768958202171392
367722574165204992
433611800928854016
364469519713968128
431560889171734529
431551132541145091
362747599683846144
431549606527127552
430777836152958976
430480642208722944
359828711064887296
430476421400498176
430450583259348992
357517101780574209
429386599176998912
357259701257371649
429004258244300800
356874124544577536
428370314515329025
355064350433755137
427557250618494976
354977404680282112
426439747477573632
354303642259558400
424282387443228672
350352404740440064
423939209171181568
350340530414166017
349901399183728645
349638536577814528
347739633859325952
346647306961047554
345612596663181312
344194739819642882
337329763179962370
332608865097117696
331919148630282241
331484646900633600
329687005279707136
328964416378896384
326460602325274624
324961827257741314
324659160190943232
321746870722523137
321670988771241984
321380205321138176
319555698889474049
319170892460617729
311232180368072705
311183990780469248
310102036425367552
308620702582460417
307605588056104960
306839437302710274
306142613013147648
306142252529508353
304664887332831233
301816404372492290
297069534332997632
296002036741312512
294171088538177536
282318149787975680
282316876606996480
281542652774711297
281542028020559874
278979385145581568
274608981429874690
274249288165519360
269540290208092161
269092839953149953
269092738149011456
269092357637554176
269091899921555456
268482388970074112
268405123703791616
268404972901781504
268380547930288129
268054602778279938
268053968511451136
268047150032773120
264485045283209217
263719243835662337
261938628677222402
261933414754680832
261566023914901504
260445295782002691
260371668793438208
259027507297280000
259019556813688832
259009715269402624
258690219665158145
256511836617338881
256460612408848384
256187637436645377
256140055217836035
256097827405565952
255829415068577792
255745780399349761
254773289812123648
254762050386001920
254761452542500864
254692680796344322
254691287515688960
254686418247512066
254685443713544192
254349590462074880
253597796962299904
253570815105310720
253201331358150656
252870830663544832
252862339580309504
252795190400675841
251800071560130561
251733022141997056
251386171639357440
250644783880601600
250609583297531905
250608688556036096
250608644624879616
250339913424326657
249269385968091136
249269239259754496
249223126825721856
249201514327969792
249188971760996353
249188566238900224
249144598889385984
248921326855802880
248920114941030401
248919735893389312
248818569859706880
248818419783303168
248810446797299713
248810280631558144
248776700555567106
247743182392143872
246728551250931712
246708046603100160
246256667040288768
245618471604469760
245522425767395328
245291784698204160
245289593237303296
244164805542432769
243422109982928897
243411390918955010
243410308545273857
243408900995551232
243399734922981377
243064906105118721
243063531585552384
242835095214501888
241332677192597504
240933873461129217
240586117320159232
240585313699897344
240585002444783616
240207247077163008
240197429947949056
240196638759591937
240182471667372032
239876887365689346
239055694349869057
250612627259142144
250608794005028864
249189313340899328
249188386798190592
249173054180188160
243062652291649536
243049064239878144
239051968138604545
239051499680956416
239003316976250881
238723964967477248
238378822402179073
238345546023194624
238316321425727488
237999292160290818
236916044738994176
952689596994916352
952244268780924928
951539876742254593
951478842656481280
951218667487973376
950840139974135808
1219985622514925569
1219660144230924291
1219106322651795456
948979745848528897
948932238745456642
944258027452010497
942899308914987009
941343207249645568
940967257794113537
940670372369887232
940667215585660930
938934652961742848
938446166810865664
938445582611419136
938218713320443904
936751053403500544
936660645336027136
936413692090044416
936346030165188610
935888442864603138
933539773838270464
930518798842638336
929455601738027011
928661765419929604
926815049515012099
926210454673874944
926135147958857728
924784340533424128
923382970693705728
922996644571787264
922864968957120512
922505078476550144
921485217776521216
920376092971749376
920304687961853953
916093593277870085
913540785064300544
887768344170024969
887280668702593024
887078102500864000
885869990267768834
885230459344564225
882751384034168833
880126299771215876
879888332666404864
879411792396644354
879402786563215361
878369946132250624
878064352456306688
878003455813500928
877311595881406464
876922498419261442
875020553844924416
875002968713678850
874768138029731846
873955887815241729
872899845031432192
871862875714932737
871856993375596545
870453337379831809
870452966200795136
870452878359502848
868186771691118593
867396457388797954
866782351099142144
864934159126495232
861725455140999168
860573826131779585
859479439666819072
859175174649905152
855222156963319809
855140104754667523
852623586187776002
851889426380836864
851846741477470209
851597299436457985
850433925247795201
850020614681362432
849779405962588161
849374791828205568
849357349403992064
848191314936123392
847513011665240064
847507241989152768
846811921559031810
845360482471088128
844997285947813888
844978206423830528
844644340924321795
844643222529945602
844640688591507457
844370524679655424
843892319392796673
573847285324455938
568896170950582272
568894949640560641
565965725089923072
563097483782676480
560892236310011906
558399523350134784
555783651926228992
551171403173859328
544643938070822912
543948936184987648
542771780004626432
542770586813210624
542759730058629121
539457639512817664
538126525212946432
538098228453863424
535514574150455297
528399292785246208
527932431349710848
526118116951355394
521804106395287553
520652121910571008
520644480484265984
519926418801979393
518147762727436288
512281345159360512
510509966189666304
504706788462432259
504696370117476352
501824627388469248
494969409862402048
493788250717581312
493787434887700480
493786594764398592
451101326735585281
449280604907900929
448874727432785920
448861477056020480
448468821054349312
448462894771240960
447087237193531392
443877171954987008
443502736688947200
443152162483228672
442055590081462273
441601012738961408
441284540355866624
438756195005108225
438422973377441793
432956588421177344
431872273503375360
431565469422587904
431549447940481024
429387854330855425
429009705713692672
429005218551185408
428367413625643008
428303988279484416
426034722855079938
424242903007756288
423169187469475840
250612874010038272
250324066412687362
249269826441322496
249264089782685696
248921148874715136
248920540121812993
248920007600377856
248817980270575616
248809917622910976
246735628828569601
246692086286544896
246690917774397440
246689382029996032
246288886664396800
246012301117894656
246006642225856512
245919731440287744
245618403396702209
245618341677506560
245534989238796288
245516573845118976
245282685562531841
243396364225105920
243063436802674688
243062242512359424
243048288612384768
240892689929887744
240882096695037954
240585511868194816
240185091911991296
239876971037851649
239123049151078401
239079290896019457
1111718819704250370
1087882813268000768
1087554774734696448
1087523585307131906
1086754061003702273
1085305334573486080
1085296055678312449
1083529018815729664
1082722258748141569
1073775914134224898
1071150056680669184
1070102897835167745
1070055242694303745
1068876222061527040
1064553657092513793
1063190322925223936
1061711572266086404
1060285532129976321
1057240466335379457
1055919800852062208
1055228528021639169
1055228462523396096
1054574121600847873
1054429248885186560
1052645312198774784
1052330128565526528
1050832301670715394
1049375926721687552
1048894229299322880
1048241495218819073
1047925525199671296
1045088040035766272
1044980671012376576
1043876486820835330
1043275088194404354
1042149288405553153
1041864527762083840
1039633777666994180
1039625362081230853
1039304637923438592
1038132998183563265
1037876467449901056
1037075182479986688
1036959702297595904
1036804018025242624
1035335022268637184
1033064418219831297
1032800778191286274
1032467361008414721
1032426532004921344
1032290595795021824
1032102262779375616
1031553037062549504
1029401455445336064
1029173616259334150
1028068431210405889
1027683661171359744
1026543059318661120
1022562455690588160
1022208255840460801
1021765246757818368
1021518202491346948
1019265090573492224
1019238631729516545
1015417168056504320
1013215227004030976
1012139006392524800
1012024574718996482
1011641378399555584
1010238332251660288
1009586971663093770
1009568799178313728
1009568546005889024
1006983709290041345
1004829827650682880
1004711228638449665
1004419226873094151
1003726678617739265
1002743855551303681
1001932433682583553
999824267834478592
999824023256227843
999823640014327808
998724331193724928
997475985418309632
997145468441415680
996135747836051456
995862410354405378
995528639272730625
995126379787284480
994601454253068288
994338599003975687
993567407070437376
993566859751501824
992932160850935809
992560426754985985
992555873976406016
992204881535619072
989512778963709952
989512706603577344
988928090767323136
988192717762191360
986681485720682498
986347876342222850
984995862689583104
984995860718202880
984995859401232384
984093717949767685
982315085535350784
982315022067097600
982085796789448704
981305590206038019
978654571357769730
977783317771808768
974680740851011590
974398110851108865
974351787477164032
973990427601850368
973918793729806337
973703559442255872
973701524613419009
973573557627359233
970757826787381248
969295095567650817
969295072461287424
969294975144951808
968595688199278593
968171152886546432
967131154439487488
964262937622908933
961855523812360192
961821043101876224
961369196310548480
961016983771807744
961015756233330688
958535470882983938
958393329200390144
956295426554105856
954802352778858496
954571049181548544
954445598110953472
954170987007922176
953835943168913409
1232454995678769154
1240422880975953925
1238222966917390338
1238177034087673858
1033533216496537600
1033181240839561217
1137444433446785026
950433450472955905
943359901539209217
943359900129865729
943232893765259264
941790981426434050
941702568769720326
941344786149232640
940702728287850499
940652199293702145
940612701063188480
938446069264011264
938445871657684992
936850389030223872
936747181276585984
936743166430121986
936703402754691072
936697754696519682
936324748690247681
935960304311259137
935917924019261442
935647831670521856
935206251348283398
933142155211755520
932722618725146624
932321942878674944
932319078584238080
930534390622539777
930501665786081280
928324878238875648
927359541834125312
925789721665654784
925786121115750400
925482512608059397
925470011732516864
925126032507760640
923280109011963904
920741198997983232
920704235758596096
919000905630052357
918235194661928960
915297106562297856
914926407620464640
913118590341087233
912763145348960262
912762975395762176
912399741228642304
912397733444640770
912383621058744321
908726001294807041
908099150440538113
907632080867262464
905816384931852288
905200749356998656
899027170697269248
898656297981292546
898340043047284737
896906268346007552
896231248816988160
895102907548397570
893970988689391616
893863114881593346
893490091301244928
892483625505218561
890818953496338432
890818416545640452
890772467563859968
890734798913843200
890333920415416320
887053735909892097
887036065059569664
885277863431294976
885261819400646656
883394022273949696
882333965507588096
880909272594468864
879469515414929408
879429121520041984
879405475351146499
878063466606608384
877972409692717056
877970964574752768
877967987789246464
877967448779218944
877933104526008320
877537433944031233
875150305746452481
875007416882143232
875004201071411200
873948970241986560
873176684341719041
872898011998846976
870453163240808448
864934652754231297
862777269219192836
862302360021995521
861100360068251648
860560606532956161
859182398050848769
859165048907997184
858450054780248065
857258352547704832
857247442051485697
856888846340038657
850019928921042944
849988271136526336
849986966481502208
849763934110351362
849401910939594754
849375683126185986
849358156434223104
849356153993691139
849355380224401413
849348768008994818
849346377624768514
849345277551136768
849099042219065345
848975053274447873
847468188669403138
846421839643656193
845381060653453312
844971610662678529
844942320306933760
844708309240365061
844682969403068417
844647822871973888
844328339091476482
1257734149017866240
843891583774834688
843891122300747776
841745657320886273
841397035332952065
841382109268856832
840306566423314432
836765464831340544
835286227230175232
832314430071382016
829036075226103812
826882715530194944
823996194800148480
821806016589426688
821048255664574464
820315724224851968
818573349748088833
818536998738821120
809504636885467136
808810424275714048
808810323708956673
807468933964038149
807316710189572099
806614046887866368
804091244976754690
801925838555856896
799725899876888577
799369525821145089
799368958751240193
796958137051815936
789262206844145664
788468766795522048
787837363053408256
786069861562716160
784024885886586880
781625856158420993
781619725306560512
781514318508650496
780790014011662336
779130939649757190
778348529211158528
778348031636668417
778347026077487104
775042151050805249
773593660374016001
760981556806684672
756631151935119360
748602955557908481
740917459889295360
733810573981323266
727220208633544704
722072974786998272
717840796687474688
610524016227434496
609145619429650432
609120159526207488
608787079598907392
608763409753063424
608758596680171520
608753476156448769
608702026894200832
608642174989799424
608641515984949248
608376232208703488
608043305625120768
606580650729205760
603276802325389312
601786587572269056
601516426621493249
601472464015732737
600744279879884802
598621777401618432
598308703251484672
597836429138485248
595666798797684736
595657995675009024
595654208654692352
595651699789836288
593836715783155712
593469048362504192
593111137241210881
591694574545960960
590980065833459712
590883356126089216
590879617055088640
588025134113492993
586652148781469696
586297703400890368
586207506269016064
585982661857906690
585912863274958848
585241125595836418
583732059509760000
583068727631069186
581193781959122945
580445491139375105
580443509322289152
580124051953303553
578310049409474561
578307661487308802
576442471254781952
575057412790599680
573962231362252800
573959702033362944
573871770354237440
1232673733229371394
1177343436594327552
1128434790552743936
1126952028775882752
1126931089480716289
570724213679661056
570715707111030784
568478280426369024
568468160673935360
568425490572320768
565981157234585600
565976062862319616
565637803686756352
565235086749339648
563751669239128065
563478241357594626
561333703750995968
560935136607600641
560908217329647617
560848984932364288
560845180090482688
560122604632440832
558402290638651392
557965619925360640
556213717277626368
556204141937459201
555788589691596802
543532476568961024
542765922105458688
540621792394899456
538866767959822337
535635803603730432
535635759047659521
534793031598497792
519551863969304576
516754434035294208
509341145852555264
499926256587374592
493787183963451392
492373615703523329
491707180316250112
491268546023161856
487631140543807489
481176374364090368
480779652382724096
478628388908060672
476055405156900864
474615122120687616
473819429055504385
469246429568188416
466317720158744576
420984244077228032
420946743186845696
420273845849690112
413451619703873536
413038329748156417
411585255431077888
411579087241494528
410907818124783616
410473796605194240
408413709766098944
408411740884328448
407978484690997248
407960478673928192
405089574885416960
403305756654456833
401412958430846976
401021390498705410
398177296701349888
398177123136856064
397810893271994368
394933105347534848
393427818228371457
393425339130458112
393100577065807872
391280924572151808
390605013367525376
390604753933070336
382601002416738304
381128314489815040
378639155095285761
378256729978314752
378202074111954944
377921960325304320
377900856680542208
377855959382519808
375737771068907521
369580850968403971
366005116253396992
365224038206935043
362679342943318017
362633461900644353
361879881216307200
361878276030988288
357167891784810496
355064869575335936
354721117866438657
354679401033646081
347110925951709184
346775452217667584
344530412284030976
344120696403808256
342021935972102144
340571705007284225
340209845577846784
339860185675866114
339134029565669377
339096377307041793
337294604724498433
337006274707337217
337006103651045376
336844345456082947
334751213256065024
334436497220587522
334435168091774976
332187761945767936
331527905773502464
331478146673147905
329668121013141504
327508215401168896
324189305276878848
321697260612243456
320269479835746304
319925916262359041
316268654985633792
314845510559207424
314801620045164547
314787646952075264
314463301323091968
314128067016663040
313707586891419648
313687578106793987
313683506033205248
312205708173115394
311233226771419136
308621134599962624
307188877486092288
306487866895253505
301024000979656706
300003682664194048
299620036279148544
296311577219584001
296001709078114304
294878920992493568
292420268515799040
292402272057569282
289815569627222017
288380408905728001
282317982661742592
282317421661020160
282317319613603840
281543368570449920
278979640834535424
278978891295641601
278249631119470595
278245290102882304
274248142994685953
274204190971158529
271296547310940161
271034198385639424
271002909448216576
270650062667911168
269539972351143936
269525932157579265
269173485912338432
269170693399273473
268832252505518080
268452462418071553
268053708779184128
268051377907978240
268049915727470593
268049492534775808
266991769521098752
263760901969178624
261925585494884352
261588299460784131
261587513888628736
261582078808829952
260864324686446592
259022272520679425
259015740357758976
258690542244876289
258667219247063040
256911514563395584
256509508157833216
256140626679181312
255799681056124928
255782756594884608
255746496903913472
255743760670007296
254776267767943168
254775226234195968
254692453477675008
254690934900535296
254689605197127681
254684561722732546
254683766893707265
254374319914876928
254349359997677568
254349241143656448
253487620548608001
253208099052212224
253177998897991680
252849410072014849
251460167135268864
251413767177502720
250669489488809984
238812722664443904
238628230716878848
238399848230039552
238339429889081344
237006438382329856
236316995270873090
235926474950070273
235925565843050496
1203458286512676865
1202409375714947072
1202320799748808706
1157418127514361863
1120860232056475648
1120468780335890437
1255570465558605829
1255277480975503360
1254446083838705668
1136420244271108096
1145106674279178240
1144712199258202115
1144712083486969857
1144347532698542080
1201988949440450567
1227761239692120064
1227315412246958085
1226269486858330113
1232795338047676418
1232723777336827904
1231680433970122758
1126221685403848707
1234953479443165184
1136391976155254785
1202015932509564928
1200866470684712965
1136273027564539905
1252748450497585152
1252742961256955904
1252674887874985986
1252315780735217671
1252310634974392321
1252309846441025541
1252309798072311814
1252288513913040900
1251962437873647616
1235347291000713227
1233545431381987328
1233122501846327296
1197614981832941572
1214759373282648064
1213167394891407360
1199520198337998848
1199334307795480576
1199124766205992961
1198076775940657157
1197287034836127747
1158365287097524225
1156668273330728971
1213167398368493576
1158055061806833666
1252311141004476416
1252309814895656961
1252308621226053632
1250873284507418624
1250855566395748360
1227365777994592262
1227355433402327040
1227274000998465537
1226300623429292032
1225901919966814208
1154903017948438528
1154852243641786368
1154462150880124928
1197649605179117569
1227035035498426369
1225851305094209544
1225575269764861952
1227719690908241920
1214652230881751041
1213167400306262017
1213167396346908672
1253036930347995136
1252332279537508355
1253708737233158146
1144274341661741056
1144004796329996289
1255253573107146755
1254906874622861318
1253092120430350337
1146134696482525184
1144034002237612035
1158463820358176768
1157037381272461313
1125750475024949249
1124470073928880128
1123666212188229635
1204530023316774912
1204433337554808833
1203148872618512385
1202977772840345600
1202430981761851392
1229873173572784131
1228745287851761665
1228441033010302978
1182668278466056192
1230234443018797063
1229937227096055808
1228413248971689987
1227971435974610944
1156354227901521928
1154903014341337088
1154903012470644741
1154903010490949632
1154903008569962498
1154903006627975168
1154470355781791746
1222620792875294727
1222340718829678593
1221888803226497024
1221811904571682823
1221604886485389313
1220907328658116608
1220396412153843714
1113245506099187712
1113200194403880960
1112902849023934464
1230981007677018114
1230609619610984462
1182816734027419654
1250159629667008517
1240355358863998976
1239698771497365504
1209937328866615296
1209642907583598594
1211464669925400579
1210773953871933442
1155560892517535744
1154573232504283136
1154098757497217024
1187035632553676800
1186766136274280448
1184895981026004992
1184572169369673730
1154903016287494144
1154150295435452416
1090727920534982656
1090400576695881728
1090343199527309313
1089994679813320704
1151601955736817665
1125886644966567936
1124129081497399296
1123774952279281664
1222577199213088768
1221981545617088512
1221563527141502978
1221201786314403840
1220758225232060416
1220442445495918593
1111808952331894784
1249806993487015942
1230294933904527365
1230254985721462785
1229792510958067713
1228392471010447360
1181711710014656512
1225140101975617536
1223028073190363137
1223036739943632896
1185339759847186438
1184621623481122821
1224868027461783552
1223370614636978176
1223103941228941312
1168705748483956737
1167674471697846272
1161657884301828097
1161341363797004290
1161015030613258240
1159910270996832256
1110675102662840320
1110667447823228930
1141800143655776257
1141541376385069056
1176904317082701825
1176629557304201217
1176629298674974726
1176544172146343936
1176507349726650369
1175172134169194496
1220177880598155264
1220032670144573441
1106678038421491712
1106635963034468355
1104925135365160962
1143599306374561793
1141484243064958978
1141452057968283652
1176863013892186112
1220371511804071936
1220082649659793408
1105552136761430018
1104455305885376512
1143247408161271808
1143191035817943044
1142434757965430784
1142119543290114049
1141752058820907013
1141393806102814721
1176615423632130049
1176260293896396802
1174135530734403585
1106368827770785792
1105833196594315265
1153464014699139072
1152023500112257024
1167544506163613696
1166883087478902785
1091065367886286849
1161071266922672129
1168026499707883520
1166996431145709568
1166925592597598209
1161302566019506179
1159933830901522432
1159517502050906113
1158830188458889222
1206364001803915264
1143277501801795584
1141898623623618560
1176629517571579910
1176629460998791168
1168264147760336896
1166217607927648256
1159568567437864961
1148697305777876993
1148611041275891713
1113233309780324352
1091036519412965377
1090749561088471040
1090021175886004227
1204949608780193793
1204908361529151491
1146940062967504897
1146858798859952128
1207050980422045696
1206691174649671680
1204787059287834628
1148255025023598594
1146623097795166208
1146538208945147904
1146202307220185089
1222928918329675776
1222891127231143936
1222308347426283526
1221847128768688129
1221160480858869760
1220750827880681472
1113233158202449920
1112902539798827008
1124358239817281537
1123423333511507969
1222664109776392194
1222548384973836294
1222206174285717505
1220554886158454785
1113150105731969024
1113140674805813249
1247993480443543552
1224830194243993601
1224487015560949761
1224361981274152962
1223410668335960064
1250491659713802240
1248329944251412482
1224378119441743873
1222982697607475206
1153797278034878464
1151189060779675649
1088905330849918977
1153740153703346177
1151934493630042120
1186795020403261441
1184936814165086210
1185203714396741638
1183541138126524418
1240671338278330369
1240671336709701638
1240003502249820168
1238104697128521729
1240671339628937216
1111745723287126016
1110625744001085440
1111434094716448768
1111032306741972993
1110310633378062337
1109950416270311424
