1253081364666159104
1251172647439945728
1250573577918832640
1199066474360590342
1123289152710172673
1122155917951238144
1121111723002535937
1120803529332068353
1197342164067520512
1176630564180377601
1224772242401320962
1222986279509536777
1157393720230043648
1250210530066825219
1250084963963330566
1249865132928352263
1249404902859816960
1249348641669689345
1248632732139368448
1155608141960294400
1154165453373214721
1180119819741515776
1179948231603707905
1151536209853931521
1149305101250678786
1197545385834795011
1123574177024434177
1123386279822024704
1122261346987532288
1121937164542066693
1199005998146605056
1198642411423064066
1197279376959819776
1252746921791422465
1251953011880058881
1115979993367162880
1113845208641363969
1113451481271812097
1255137439376498688
1148616224143761408
1148283377574961154
1147569018007629824
1146902728737730566
1146877311947628545
1160954316066136065
1207767831196119041
1207514439802593281
1207500548120961025
1171573870308012033
1171496053427724288
1170513594519314432
1254082699708563458
1222666310175395841
1221623777844514816
1221587570095722497
1221551110609154048
1142185143874072588
1142143533555625984
1141891662987386880
1222624768819638284
1227318895461249025
1226272990217809920
1181677161348046850
1180870274390077440
1179869353447231502
1179784074526740481
1179516092311654405
1207451966378524673
1151274941221875712
1150123059367620610
1149703718339776513
1148698817979723776
1188962593051992064
1187498641839329281
1187377621425971200
1166137613469868036
1165682418164142080
1136960389818802176
1158093823815249920
1157765310629289984
1237764249516158978
1237409673554386946
1250524407333818369
1250430470816280577
1250084965087354880
1249835895697612800
1249728813912788992
1248744019745820672
1248640484462993410
1138454548773777409
1137859483760246786
1157691318996332545
1157060698595188736
1156649613748817920
1138561284759326722
1138536973382115329
1158818632945811457
1158456901467815937
1158062823236354048
1153695198511341568
1153469573959733248
1153302646599626752
1151631896775991297
1115078404708159488
1114929857115435010
1113902690973683712
1113583681648701440
1113506352079548416
1254451191863545856
1253447513337708544
1163913380257837056
1163611316147367936
1162483480887988226
1248997124718702593
1248314877036433408
1120138412961431552
1120037726156357633
1118898255142715394
1118629855250341889
1251994030017298433
1139184467254415360
1181285654296240133
1180093875144269824
1179533492755075072
1127647094234341376
1107069106963005442
1148358491381403649
1147210522166726656
1254537406101012480
1106346873097457664
1106230811731394560
1105268322831085568
1257447720924610565
1192885561956147206
1225199243209605120
1224428088953581569
1223365540573581314
1223336539922554881
1176679886620110848
1176237932136554497
1176224156205178885
1175061491554422785
1149747949821411328
1171775464567910400
1170767411471114240
1096065927400091648
1094785337631625219
1245503612048019459
1245352023433887744
1244684960428105729
1243685801650720769
1191883814794145792
1190327490327334915
1143633980379619328
1142863458439958536
1141519440997208065
1247231820388802561
1246463430686576640
1246265995435573250
1246078792470274048
1133824418801758215
1201607772342833152
1217915054525468672
1096555968333336577
1096190019746873344
1095848595440525312
1095713365379477504
1219321789530222593
1218974803799019521
1217884512325193728
1217842253881905152
1252640757934174208
1251893978846412800
1251566683568967681
1251262515939508225
1250957191491846148
1183031683450310656
1182106695784370176
1181695641241706501
1183419063026016263
1183138629130035200
1182412791455596544
1125514085972549632
1123979828204580864
1181620150946148353
1181259972015001601
1179471664813355014
1151129709293527045
1150435313187196929
1247664481951416329
1247575133822345219
1244434329381502977
1243953375105945601
1243596327591858178
1192114463769534465
1163611317367914497
1162099836386021376
1163815516084920320
1162807146444218368
1161742347664855040
1191850322387505153
1191791959704244224
1191529561558831105
1191490074740957185
1189928737225297920
1189599556956250112
1219304406237241351
1218947212341891072
1212113047365382144
1243614990776635393
1243217906101628930
1231268977558654976
1230877178730098688
1243175092693143554
1242255665151836161
1240052472435138560
1239929409647316994
1212854924108816385
1126146311068295170
1125862080320614400
1125069135858343941
1124466371507707937
1124402309432213505
1123685721427062786
1178412173233659905
1178368904697204737
1177759259657936896
1177679300398596098
1177243925624610821
1177230511342870528
1230520283209064449
1118319501718716417
1117513203779624960
1116375693196177409
1116016963212468224
1217274834398433280
1217141266691084290
1216819095422849024
1245858907882270721
1125811832638398464
1125760978031976448
1125546646618685441
1125467306925142016
1125440624071671808
1124381159713013760
1245736106475302913
1244757876108857349
1094645893360435200
1093188099902005254
1217476087292289027
1216921237009633281
1216842357376573440
1216747991320735746
1216427040552947714
1242503393559658497
1242159561320075264
1241180614117797889
1241107974388678656
1241060606377168896
1241018889674412032
1240646380915474432
1179437804041965568
1178387015253053444
1177637689551736832
1177200019440578561
1216886074947133440
1216865006056198145
1215660455546572800
1215626187101306881
1215386335944609805
1257823932478033922
1257750957741543426
1257720759478353920
1256362218964353024
1256018113272954882
1179414494335963143
1179167046703161344
1178425225471578112
1177710671376592897
1177273546952925184
1176874772736749569
1240009402364710915
1238893745866772481
1238497561012510720
1127638882940538881
1126670587596877826
1214276758612123655
1214251071083864073
1212954668340563969
1212856009934417920
1214370468796469248
1214303571837116416
1213883691568705539
1231640605731762177
1230656216025706497
1230550196590796800
1257095384905797634
1256640667184500736
1094271829928235009
1093710132507234304
1093239752403443712
1092990870763327490
1092858403628699648
1237116575251128320
1235697728304435201
1094290879072874497
1093559855779065856
1093328556581679104
1093154759899598848
1092550027673853952
1239653798425120776
1239258579821092871
1239214809629036545
1238691015403417600
1102282078840909826
1101114417964568576
1100508235432427522
1213920604153356289
1213561238468399105
1096474726543835137
1223034854742396930
1171228118645972992
1171099841511993353
1170749628867862530
1170085840858599424
1237043934012071942
1235939716337405953
1176236863893495808
1174860653162614787
1174464532946849794
1220134439059103749
1219784258631479297
1113067377497964544
1188931209532977152
1188913568005144576
1188493821614739460
1118272001330823170
1116732879701196802
1116380156002799629
1217440756954288129
1216791030005104640
1216500725993394183
1216457319120113665
1214703775077871617
1161686696653709317
1161067793011236864
1160997366360694794
1209191560283394048
1207414280901017607
1194005421746458624
1151299087121244161
1149481914123710464
1239281337040867336
1238157433308094467
1138995096945385472
1138911920365494273
1106944972274716672
1106575187535892480
1106325267541303296
1105943037325307904
1105462120932691968
1211333698425102336
1212032524496646145
1210994603907616768
1219712994168442881
1209236839204192256
1101546862828576768
1100765647527731201
1110906358906437638
1222676757343588352
1222249646426337282
1222196027710636034
1221984396523249664
1215410011486269444
1154025309680873477
1153019628056133632
1111289977143545856
1111023252900581376
1110594758446067712
1187150071206436864
1103297016539553792
1102304960560144384
1230239846612000771
1228355018690088965
1120403464713068544
1119342149424885761
1118516845076725761
1116818399588491264
1116693766696574978
1116147477437136896
1139223310372392962
1138856364221112326
1189188074934161413
1188873174685044736
1187868592223805441
1105889709308497920
1105184024841125888
1194632899661664259
1194415226432696320
1194389697365192704
1194345508329971712
1194060581151662082
1192858873130037248
1192531404061630464
1192154367199260672
1176564220407767042
1176199178738896896
1175839679893135361
1175816642598715395
1175178658484563973
1104796020540665856
1103771921970356225
1225139458485444608
1224908778501476359
1224089070181240832
1224071900000915459
1223092655913041920
1201991934983757824
1115637300912906241
1115323530974060549
1253709670788849664
1253481322141679619
1159873945757261824
1141442130638004224
1127939808645529602
1126260455830360064
1126241132114075649
1255902443390599169
1255536580061773824
1255277637469188097
1146552234211233792
1115779118136688640
1115689709848682496
1113869834025078788
1177567515431641089
1177292334800748545
1141779053114007554
1140337587636191233
1242087554528223233
1241504277048238080
1240707074310295552
1168542824666750976
1169266212532043777
1168615790423281664
1167545354537099265
1167145488640020482
1166867471862829056
1232685281251414017
1232450137294659584
1232371490085101569
1231608202501947397
1164000604450168832
1162779333678784513
1211453816488349696
1126511294910279681
1126480606517506048
1101560344688951297
1101271529701150720
1100916713242198016
1135934170633515008
1135893856606666753
1135212946999709699
1134180958272393229
1134105232600903681
1103747416065478657
1103695804982804480
1102616091799572481
1201937119733829636
1201703498292838400
1200264512017813504
1102272288861421568
1100162817104244738
1212136221759229953
1211466194550755331
1255852909402750978
1148596113492062210
1148375187408244737
1146938763437846531
1253459052757233664
1143571580066377729
1143236091975294977
1142832338465935362
1141415181978865664
1169050216315654145
1169023354386485249
1095877370085588993
1095824529895682048
1095512542494056449
1095051195658522625
1219740237271851011
1219291061941489665
1218664266041122827
1217852692376293377
1217523111400177665
1106605888138346503
1193938704483655685
1199055784711249921
1197672193242673152
1197605544116264960
1197516865469329409
1197296107946217472
1197283819616919553
1197268673389572097
1113171875272720384
1112849949748875265
1112745814806446080
1111741081731907585
1134630268046913536
1120750058926956544
1120732020244664320
1119981835298181120
1119759272542449670
1118985130763259919
1098334605495750656
1098006479884435456
1097151787973386240
1202658577372061697
1202067900573597697
1123039146958884868
1122958159432298496
1121422878652731392
1199448317836570624
1199023196915294208
1198979756332584960
1198788699720429568
1198657331707469824
1197197080055418880
1196982051888607234
1196942991321128960
1196497495230222336
1195770780744912896
1195457867211517952
1195415270103404554
1195342543745167366
1194689627258597382
1194656548842344450
1099465195116785665
1123561249147707393
1122576471292358657
1121805943828824064
1121150706323529730
1098993991759118338
1098261545551884290
1191397781463846913
1190084043146174464
1189293970695823360
1221828755410378752
1220559375938609152
1195490353383723009
1222169997943984132
1221808947797143559
1221607438086017026
1220892620169281536
1229869126925111304
1228057415167467521
1234644206045540354
1153812059705860098
1153371913366003713
1152996710228082695
1152250822614499328
1151940645986156551
1151886990587117568
1196893065664962561
1196887433289359366
1195382103745150990
1194745162997665797
1194703097655902208
1222241806810787847
1221502924590911490
1221117035234590720
1220811846699114497
1099714284173561856
1097858138924072960
1104107910332932096
1103377255223517185
1110926954331553792
1110661039509721090
1110196934864764928
1104871900331864065
1104507148464254976
1103824742790901760
1234608420101197824
1119969037876899843
1118654167172689920
1235278295211618304
1234290379958169600
1168600732754489345
1167875315806269442
1195350220860805124
1090643179286736903
1090263849737936905
1089973675447734277
1117913925369114624
1117127615599521794
1116786007356080128
1116040227146084353
1184908149968592898
1258216945687638023
1235727178597359616
1184107423944065025
1183429853552500738
1201955553611698176
1201868049122562048
1201646799108419584
1125842051755540481
1125120926360702976
1124452637271896065
1124303902147477509
1123676075337420801
1197155032992534529
1196884948751388673
1136250576252145665
1134526985546412032
1133904501344280576
1235569945779621888
1234979426430935040
1234150172889882628
1233544427462971392
1233199264777621505
1233066830371184640
1196599309397086208
1195813966716510210
1139718082329399296
1155991675526795265
1154394294565912576
1154154405920464897
1154095914258243591
1154081113809334275
1130587291435655168
1129510885293207553
1227718714210037761
1227626156553318400
1227419691460825093
1130155450467520512
1144354680983687169
1204410990445518848
1204186466387189760
1203397588004810752
1203078301176217600
1202710609344774145
1202681677245550592
1202398463230709760
1186820058586210304
1186417580652814337
1185920943857815552
1166760103640555520
1165269167475499009
1129013268595564544
1248019381038100480
1247924061541408768
1246986615462993925
1246564448036433921
1246537497359912960
1191762902174310400
1191083779730878466
1197168610676019200
1196840354965868544
1196798735944163328
1196792492672405505
1195053692535410688
1233864178584125440
1099065515153211392
1098647814224125952
1098296135096111104
1182825203136684032
1182373879756537856
1182288353472983040
1091764201540988928
1091149499207159808
1091043173244256257
1090612187457114113
1222886284139606016
1222715317476102144
1221488390681571329
1220189022603169792
1166477930974912513
1164945273308794880
1164215058303528965
1209879714074112000
1208911706891653125
1203084373643411457
1202294881286344704
1184812533842173955
1184582270054752259
1133724683751317505
1132638624716120065
1131920907843379200
1131316708843708416
1131267423833866240
1083155614531047424
1082676256821395456
1075816403079356416
1075106201929691136
1073713700463353857
1066736968908922880
1064970872551866368
1064644601359859712
1064603004010196993
1063971197715718144
1063196883651305473
1061785219420827649
1060909328788545537
1058381666304049153
1057374392311865345
1057267011502379008
996789966251479040
994581042454462464
993865986876104705
993839500676751360
980476120800940035
976127140520488960
975461482224930817
973951474177855488
964586130854301698
964494087591219202
963923169970130946
960513046438449152
938187260985511938
936663142347702272
935614478674165760
933749998352846848
931980087578251264
930998141125644288
930272585979490304
930104203606978560
928707210481369088
928288401115287554
928287866362519552
927380423163957248
925505047588417537
925365423666802688
924332871661301760
923315613132644355
922896868664840192
922816716413038592
921728064354226176
921052437091442688
920020355120615426
918469471320363009
917391231285637120
917115422310354944
915951846027595777
914902256415322112
912845610776170496
911261260813094912
910617992517574657
910548208417247232
909837832302288896
909810936004972544
908430508463357952
907782594703609864
905871246121992192
904527254914564096
904012015454310400
903718863728148484
903394862799708161
902914914427293696
901926798002446336
901108564495933440
900738333856419846
900691215523467266
899649928133267456
897493875614519298
893955986226020353
890923618322046976
890917779557285888
890688496377229313
890204917788549122
890011460096720899
889551129759166465
888505737059733505
887861523217092608
885885437369339910
885482732045963264
884796109062905856
884596805832454144
884481035404226563
884060027509723136
881554903889580032
881497809278693376
879763290657894403
879696149132738561
878979004035997696
878262621694197760
877687124979589121
876116886127300609
875790412400799744
874970453353299968
874786200325955584
874696604460216320
873203539253788673
872561934230581248
869958720373104641
1204478155551072258
1203711309017206786
808748592936747012
808676414446829569
808673303116283904
807722525388111873
806622120130318338
805461006847713280
803751147240439808
803694795868737538
620953158857179136
620953075591856130
620952281261965312
620951520469762048
620926471071117312
619898366592425984
619553019043168257
619244339919650816
619243924612186112
619243539487010816
619178459558998016
616249234245988352
613754195808641024
613389826088288257
609061647555145728
609061234613321730
609060825270235137
608316979838132224
1186696933970206721
1089568822506463233
1088231235841855489
1088179749401305088
1087882732993241088
1087402400573476864
1085594903093088256
1084522294045798405
1084222574844956672
1083784022768136192
1082833479560245250
1081997470903820288
1080919606678695940
1080865547376562176
1076190323016196096
1075885370783555585
1074416386154340352
1073991266126438401
1072916563773276160
1068297096950886402
1056612304941449216
1054806372645167104
1053425202124730370
1049438923238195200
1048974373057716225
1048936362651652097
1047504709379080192
1045049382960353281
1043265045491269633
1042813162582691842
1042135031337103361
1041383489571049472
1040244222266408960
1037800851979599872
1037526385001152513
1036705803565182983
1036639226786447361
1035620551262445568
1035536222041591812
1034923046556127232
1033522820985368576
1032761575357247490
1032673357404229632
1032357660685991937
1031951034313256960
1031717317774921729
1031233428459536386
1026549527136882688
1025044039383625733
1024654912385425409
1024360761500610560
1022668447078129667
1022579664588558336
1022121765114445825
1021817258061049857
1021795258621931520
1021438521507295233
1021056939340587008
1020861496119767041
1020363308715700230
1019762967989112834
1019711861980323843
1018999024647622658
1017064717666406400
1017036529120706560
1014966399641538562
1014966126575607809
1014612957907517440
1014298099739758592
1012353045542457345
1012320706258980864
1010235423602499584
1009862115937734656
1007374452336799744
1005922456186605570
1002225011887951872
1002001665569026048
1001149101432606725
999774891330162690
999628056779198464
999032606552461312
998666438364860418
998280752096739328
996933447762563072
993143411455782914
992864334408749057
992500542336315392
992051029280780289
990630523260293121
990280807070748672
987064514700087298
986626754629586944
983892828534263809
983330932651450368
982019460444766208
975390429628813314
974256584447680512
973592844190605314
971883075952087040
970710310633005056
968498957008719873
967082213597728768
959499468138799104
959153653788573696
958869046568669185
958772409145884672
958695986913775617
957300929660964864
956596454784733184
956573933133811712
954117187190616064
953638317207277570
952294486289408001
952235518670114816
951583543272136704
951233638670233600
951215072029835265
950879441579921408
950028643224444928
948976734250127361
948371132872192001
947959820153339904
946796468895064064
946755627539238912
945339136440983559
943507104068878336
943193196074385408
943167541001809921
941798234481029120
940714397927952385
940587505124028416
937713254104817665
869567632009199617
868838566939570177
868223636288700417
867830522281680897
867780552845393920
866832303821139969
866355165900746752
865294964691013633
865228258144649216
864489699917824002
864467503224942593
864265642798698496
863793193866870785
863053212575821825
861659798248488960
861602623853613056
859868143648477184
859785034626215939
859157165529083910
859050926362984448
857654658336251905
856870838779465728
855625167019548672
855602754177204224
855078970718658560
854792170867494913
854506784865878019
854357461737844736
852337664036614144
851879257529868289
851847564076826624
851096732280786944
850114845810864130
849720014479519749
849620289063399424
845706013139439620
845615021040136192
845370898702053381
845293157055107072
844237853647355906
843797142032539651
843795473861361664
842402144951128065
842168387337891840
842127921942781955
841802463409766400
841377395307343872
840678404139675648
840237347975368704
840234821519589378
839644421201219585
839578205342347265
838928685898084352
838883836717121543
838428408833007616
838100621689565185
836778365361225729
836777563250917376
836050700626984961
834576114857234435
834055390413352960
833808661025787908
833764112580673537
833341257560817664
833085657123794944
832974931969310721
832258997994545152
831501012443729921
831365264004497411
831168159545692161
830154597767475200
830085997362835456
829783108690071552
828972345280884737
828738942635798528
827675387668881409
827588865028407296
827206200005505024
826922828700250113
826909593662025734
826446249079472128
826234508739477505
826208379341271040
825868524258258948
825543620883251200
825468783145971713
825144503069712388
825144409348005889
825038902893350912
824741441570271232
824333215200661507
824311724195119108
824028447689285632
823586017550729219
823582046585024513
822189000937111553
822174733965938689
821755132933271552
821483093718614016
821469285843345409
821042331415494656
821020612294483968
820707880512983040
819541321027350528
819372871608893441
819222140939595776
819219019827965957
819192066584571904
819014448425959424
819003381016621056
818845080165425153
818804346079117312
818640442308890624
817778506167885826
817777810165104642
817480343079022592
817479869181390848
817478768340115456
816485879921463300
816326903799971841
815720659666010112
815584893115633664
815224686485405696
813485239020425216
812336442517004288
811967688360808448
811967171828084737
811966800082636800
811965082662031360
811963776425672704
811783536646594561
811671378835423234
811334778268123136
810546456314527745
810245887536627712
809843746762326016
809831527819444224
808676528372535296
808509734798102528
807977423891480576
807661804222631936
807271174967349250
806553233435070464
806220669243559936
803314831851917312
800835463707705348
800482631255199744
799771636790689796
799669024523223040
799310487829639168
798546474246225921
796708205338513412
796420735715704834
796076273202319360
795360399948390405
794558699050332160
794332038212059136
793500688877846529
793219319119261696
792749410627092480
792724097595678720
792465441780142080
791676914905804801
790663325864628224
789149731490504705
788507543580635136
787401370169184256
787400577110212608
785675255901675521
784541546087608324
784482303468711936
784481977801936896
784481923502448641
782615790939873282
781254045570850818
779056099525885952
777613399668568065
776790962068742144
776031687994019841
775769957380612096
772831037613281280
769631268921348096
768430830020616192
768145207200194561
765574304964673537
761720820599234560
758420874215186432
755852902875467776
755421293303005185
755213507524632576
754022382692659202
754022128828178432
753633332861276160
751468161296322560
751458364027133952
750070924439789568
749631856174243840
749621175223934976
749612589806563328
747872307008409600
747871558794878977
747860227383500804
747482217190989824
747482074991460352
747481963662041092
747481910641852416
747446580970721280
745993342509551616
745816095697833984
745781683614453764
745675851283505153
743474837050523648
743194865404682245
742368437129728003
742350852925448193
740257999655211009
735192025360896000
735112783877046272
734400724034039808
732948665170546688
729804131280506881
729294799963074560
727949364258295812
724288262139863040
723651117406547968
723584863429758976
723548417805443072
722814856693420032
721044692230496256
718498498484654080
717443595704381441
712737917446303744
712682823401021441
712682740701872128
712266860167876608
712266785656020993
712266686448214016
710569724061609988
710130835098353664
708300941301301251
707348668798541824
706954849515012096
705869264020971520
705869182924095489
704826657488703488
702918400947953664
702650023616626689
702175617480056832
702175221948796929
700408221073346561
698843439916388352
694938550320676864
692383807496929285
692383695223832578
688502981642162176
688502831351894016
688384393174331392
688384187687026689
687106426683166720
687103401520414720
687103143906263040
685483563077251073
684532507912605696
682624638539542529
682255654363377665
680506691914366976
679396583654498304
678586063560962049
678586021483642880
678585723704840192
677194896906788867
675359297673502720
673681834694172673
673681393575051265
673681325417598976
673680170746699776
672469969863618560
672468132154470400
672467080537620480
672428577401479168
672425708073938944
672190629976346624
671781502691225601
671450811382239232
670981482593329152
670662989423489025
670662903633068032
670662713610248192
670362982287859712
667761495263064064
667380257868091392
667370080276230144
667117293634195456
666655361710051329
666410459608690689
666380589088555009
666351665222688769
666351154067062785
665298283170926592
665217497239564289
663820776475258880
663820520580710400
663375357081325568
659743543154601985
659127245819260929
659111917156478976
657648961713385473
657302399288254464
657266605467029504
657266479881134080
657266180751773696
657266115886882817
657265814752600064
656901182376562688
656240120635396096
655396519584124928
654054286368731136
653568054543020036
652665836973371392
652539819269091328
652207623450853376
652143569340248064
651861312113283072
651814834674253824
651451281874284549
649927863567822848
649612513273860096
649389721152569344
649381472852385793
649351336161636352
649326284510752769
648520604585435136
647486238325256192
647098692101652480
646687911816073216
646021205976313856
645011812061216768
644872415596675072
644872319530348544
644870709580312576
644532033679527937
642761068725567488
642375766030876672
642375109991362560
642351537566687232
638485292576542720
636640122109214720
636639823885811712
635568839196082176
634853204396740609
629430143363194880
628189662901895168
625719452080951296
624970887222071297
624316946046017537
624276826186248192
623891830627807232
623281456316579840
621811626191257600
605835498918010882
605159739346067456
605159050326757377
603952511301644289
603943896087924738
601842487372591104
600731154581446657
599920951267033088
598291078786220032
598184642995363841
596336192972546049
591692737885413376
590997366259523587
590997250593161217
590996693358944257
590996580251074560
590996508020989952
590996387095040000
590995917936951296
590995624348282881
590994796107431937
590994489742856192
590994408771874817
590993982110441472
590993457159737347
590992831923232769
590992116249133056
590991138334572545
590990998693621760
590990677896495104
590990054702637057
590989985769193472
590989586475659264
590989451448430593
590989186439741440
590988816091058176
590988611119616001
590987913468497920
590987680147726336
590987621263900672
590987164697174016
590986665612685312
590986603318874113
590986482074128384
590986398058024961
590986048844476416
590985893164544000
590985393685848064
590984583929323520
590984337291612162
590984003378905089
590982744454332416
590933559675920384
590632068389986306
590628224318705665
590185053126135808
588443984906694656
588031870681673730
587669111691325440
584143966775353346
584064753259020289
1227373968858001408
1225952767803523073
580348874138734592
579020931760279552
578580704411303936
577122272839929856
575291314469629953
574576484846804992
572858127642583040
572412305998147584
572406829734600705
570357653664239617
566992134067466240
566307106576293889
565558650123845632
565523809844072449
565350297955209219
564798594524647424
564128860854579200
563500080787767296
562298346346647553
561345815508422657
560423157379895296
559370050285862912
559358246381969408
559134284725108736
555558980672839680
555502230498213888
554332279875854336
552947553558618112
552574857125584896
551170690880401409
547473585246601217
546086609184366592
546060843923046400
545330590082674689
544232385035112450
541992573997682688
541309087816753152
535123656196620288
534799400254832641
534756580479488000
532578276859215872
531526804121849857
530763417653895169
530432390989361153
530097914140721152
526811858339385345
525415857468764161
522823904629637121
520656711334760448
520593085693427712
520325199498313728
519161972525256704
518796373978652672
518489152191361024
517002439606554624
515520391868334081
515337769988927490
514497656354504704
514445951554301952
514054311283023872
513770369854218240
511955348539047937
510973251078877184
510962349881446400
509370164870397952
509097867383164928
507983498494611456
507919817874358272
506877512069025792
505521481972207617
503646734502076417
502447117403963393
501895438048710656
501857809886351360
501714921089155072
500040601191346177
499931772617256960
494876485157548033
1129455846579167234
1156310339916636160
1156223257814687746
1155623648411230208
1155555602606755840
1155311222625120256
1155188807962112001
1154846945367789568
1154068850985578496
1227656626359824385
1226942436435546117
1226565156903280640
1225921067069452288
1225214701530906624
1184608183303790592
1133005279870750720
1131981319850921985
1131740851909083137
1156248523458928642
1155162297536581633
1165014691422310400
1164591961170464768
1145714008206524419
1144609931087241217
1144263608660049920
1144028406906085376
1090679398582403072
1090043834501865472
1130576674993713158
1128003927029559296
1161357912591044609
1159211845246492672
1159099639876005888
1208051789544787969
1173970833896869889
1173321838694412290
1172580663851147265
1109966538214440961
1109240592574357504
1109171892299198464
1109087028111527936
1108849873590341632
1131178258358317056
1130818708975312898
1146048724495474689
1143685869070639104
1205686296179597312
1205146194407755779
1089586928704520194
1088845422339211264
1087450677931110401
1085710098696163328
1085573473991299078
1084978640188858368
1083453513559089152
1083079452635136001
1082315527907885057
1081319332217532417
1081024505705914369
1080972440476569600
1080246904745807874
1076887752178843648
1075033447847075841
1071861964534677511
1071459171235704832
1071199776912347136
1071082470597189632
1068134180054286336
1067177274083078144
1061994719251759104
1061325263852765186
1059859960354476035
1058506164244230144
1056975284631752711
1055482219693830144
1054930225404903424
1054418241093881856
1053395249295429632
1052685693976231936
1051856388199071744
1050748371231752197
1047915418478891009
1047521094519939077
1047227885046718464
1046868282622521344
1045698124281532416
1041393015049412608
1040678346336755713
1039605822769311750
1039560431214493697
1024350119838339072
1024309200795721728
1019933423467679745
1018949426386219009
1017772405727596544
1017431894735147010
1206738281934835712
1206605108181684224
1205585316922478594
1172580671606460416
1171889752246804481
1206269670191456256
1205210061498408960
1205197710338535426
1207288305118797824
1174133139578523650
1172660408836120576
1172580670385852416
1172580669182136321
1172580667588259841
1171809130178318337
1131663200519372801
1131349835804827648
1131242719609798656
1206250102760910848
1204513679229833216
1187008687912689670
1186645707576483842
1185217851038322688
1184973543387348993
1184448020684902401
1130608526609534979
1130204574516695040
1129478074872074240
1129444283222757376
1144242861996728320
1085920643034566656
1085008405469777920
1084167973361864704
1082316982312005632
1079422504383332352
1074772236945510401
1074023946545229829
1052927823197954049
1052720915845443585
1052642938893869056
1052198594915291136
1050217024033619970
1048270017136156672
1045383301438074885
1044597977686388736
1044336774649188352
1038882184701136896
1038181341408493568
1036754374083727360
1033482324409823232
1032015975539978246
1031911545482227712
1028013008482717696
1027576438352957442
1024083923243028481
1023943896773083136
1023613540400328704
1022881173268254720
1021523626217164800
1021494229133139970
1021077989688299520
1020020019714035713
1018902177769717766
1018870270839476224
1018545495554355201
1018171243953098752
1017843594143641600
1017201042189115392
1017112418940604416
1016491715442692097
1014989393663266816
1014966070195744768
1014257741236449284
1012739441654403077
1012387126187515904
1010959606242144259
1010587866374631424
1009895779903967234
1009605359600668672
1009474584142319616
1008712330119696385
1007643447224885248
1005459848618762241
1005175640285474823
1004742102381625344
1001622489666027520
999289193326174213
998967752047112192
995803339295256576
994749923420762113
994581561776525312
993169283793465344
989970694141292544
989968508602736640
988858574276263936
987093475161198593
985855157354287108
983867393775718400
979009861898907650
976884359675416576
975378104897204224
975088606283956225
973624668077903873
973334911326343168
970411798796136448
963154307200798721
958565852932198400
957399072146640897
956173699618615296
951627792059420672
951161141220257792
948287280166289408
944687300616658944
943963145357447168
943243824645771264
941738928599719941
941738290880876544
941737970901700609
941737646807769088
940795916352671744
940736524668362752
939927671072612352
939136569738514432
938555924872073217
937821837043658753
868465684933734400
867824337453297664
867747872896319490
867548187384569856
867111724243185664
867063197420978176
866817399475101700
866798626596683776
866787079623147520
866764346784874502
865692775500722176
865343868266590208
864812881212264450
863140486201999360
862836337862361088
862791355961139200
862433638385803264
861677908930121729
861302478733811712
860257393141313538
859404940694966272
858355263212064768
857961389155069954
857218002332332033
856625727071952896
856234625114361856
854357205117743106
850177279003066369
850009773449895938
849694268360982528
849049041950433280
848529807692509184
847957825955524609
847949499800616960
847791113620643840
847790067716427780
847126081723420673
846493210960637952
845731068787539974
845042145631387650
843983884698161152
843847576222941188
843824099113754626
843783712441618433
843493955853606912
842821964184150017
842140798384758784
841383991102099456
840277345323896832
840238214694752256
840236925189513216
840235108237996032
839674986658934788
839547549761613825
838807289851179009
837393257365655552
837133339026984960
837097496333672449
836777989044125699
836755305686056960
836729402008473603
835915140373614593
835350575650856965
835306377434251265
834893427716272129
834525023989854208
832415708105547776
831974711550676992
831920646049427457
831614200329932801
829719000695316480
827649415322226688
827555757272989696
827524361271775232
827248359643762688
826598284261220352
826518882454224897
826498928640143362
825739600140308480
825541081915879424
1082756734903566337
1072509253401886725
1070146926010662913
1067223767191969793
1066119107559522304
1064329191032803330
1060607987520360449
1060582724971438080
1060274075178844160
1058440754232737792
824712217895505920
823990772471070727
823717875735232512
822919971860783104
822914402433335298
822874371874312194
822512525279395840
822125368152850432
822117502473949184
821927118003195904
821199765631369216
821069511520419840
821012979051360256
820844738253377536
820345378868498433
819235375633797121
819016035617665031
819014317811044352
819009760695558144
818991067810897921
818914635638251521
818845361624219648
818513990749945856
817105044143304712
817077002603790336
817006966165958656
816702826051158016
816701942399434753
816666045712896000
815587091937693696
815581254510923776
814955785868476416
814940666853806080
814576364959518720
814516569451601922
812341829081280512
812065631810056192
811964776955912193
811964588367417345
811337821462130690
810515889355452416
810499940841639942
809890742957146112
809887965438676993
1050425959286009856
1049456921479131139
997150124773117952
996581962742747136
994580528262189057
993149993258307584
992452836666601472
990610700165877760
989886437347774464
986380085153366017
980809713280483333
980146823556927488
976961778289606656
976574220854530048
976085279302930433
975805543947423754
975737430681759744
969226286852984832
967547310266896385
966731316392873984
964514545816436736
962375590518157312
960170465674321920
959821032486993920
955839551536271360
954798990876381184
954402574110724097
951900162611404800
948712770865856512
948632246524706823
943880330133438464
941739637097320449
941310377589137410
941126609645555712
939651946490802176
939229157300559872
938162389928816649
937789408887148549
937038299759284224
936728291834200064
936420417815875584
935978764156198913
935532664077062145
934929911806070784
931608766767919105
928287357404635138
928286763554082816
927617759067897856
926493348315230208
926075201967837184
923969369033662464
923586753755254784
923269376236802048
782675630546493440
922986882585317376
781553341964877824
922568170916868096
778970149202296832
921929301775306753
777598140627099649
921131123131985923
776170670489153536
919646900181225472
775769733287256065
919574459752869888
774273786661265408
918887378848272384
771753192795373569
918558928128102405
770728476970213376
918137592838787072
765268500306853889
917846664337088514
764529628518252544
917748114353778688
764478530759512069
916810791369805825
764180099780313090
916301101581897728
764147882454814720
915973871941103618
761215899114233856
915375336661057536
760918287488262144
913516421690388480
760851887402979328
913179266023612416
753771814636183554
912699036322459654
753251211164475392
911392635364839424
753032449077022720
911362832041684992
752953431837511683
911243931727400961
751544311146221568
910964313115865088
751447346005807104
910642325340143616
751093986354495488
910525912113975296
751053762412896256
910270860459511808
750737284719321088
909434184053161984
750079005756239872
907317971982454786
749380542097915905
905912690014552064
749304114559873024
904713185713840128
748893944709275648
904527867673006085
747862631885709312
747859793361125376
747833642324496384
747482144012894208
747482024299077632
746408185918001153
746104339643699201
746031092570931201
745820448747716608
745739189380067329
745707790723878912
745687044735766528
745666428716654593
745057743476654080
743490317295419392
743475093427392512
742850272821678080
742416032279715840
742371495964487680
742035875626913792
742033313586642944
742027932827287558
740982092817911808
737383085461798912
735478488610803712
734151370161299456
733727657897005056
733488949243609089
732309188773285888
730866574597427200
729761660852961282
904104953010155520
902982732069965824
901542797924106240
901212361968697344
898238680372051968
896444106980954112
893648302880817152
892780816316715008
892081099110842368
891019166278455296
889818269250670595
889484105833959430
888473513467817985
887861079887532033
887146462949371906
887041703630303232
886651152233836544
886603063796039685
886595602003488768
886238925043499009
885174571200073729
884026674421125121
882744754290741248
880856235737849856
879762082010451969
879474703928315904
877962930050007040
729697350495703040
877646245925339136
725725686141452289
877645838008418304
724723860176666624
875519373716447232
723548774719737860
874740395330199552
723548254017863680
874406787293773824
723548164364599296
874272038361456641
723547883077816320
873960337141313536
723221065447567360
873274950316163073
722804768893222912
872947054263365634
721029687875674116
872862327099584513
719908393994084352
872861388640841730
718885245366493184
872481341929123841
718624676990181376
872114797998989312
715566367009677312
871745348972285952
714511685948563458
870661678135996421
712682659709902848
870363730634305536
712682618911920128
712682568869609472
712266759722688512
712266725006376960
712266596425834496
712003060550213632
711267182118891520
711209700834959360
707385544733405184
707282146000556032
705818721403707392
705512159548194816
702176260668190721
702176150601252864
698843101566087168
697154579067228161
696149974195654656
696149740182835200
696148481665159170
696148223472201729
695727483837095936
695667496863588352
692494066576027648
692383557378035715
691362596272758785
691067045656420352
688502253980786688
688421438106107904
687342193007280128
687109089160212480
687103830958436352
687103592910708737
687095519479463937
685148416888930304
684911546808561664
684403158567796736
684118977002532864
681354742505713669
679824447595937792
678587208811438080
800544383808503808
799267763982336000
798958453431685124
798942221194014720
798345248883822592
797944790746796032
797501943736336384
796420527531364353
796044867189096448
795385920795111424
794638205190635520
793886488387878912
793200346814349313
791367616581500928
791298400855654400
791297956129435675
790598061504524289
790597753726435328
789219349236158464
788481210884452352
786236560438013953
785950904071561216
784481693801381888
678585259823206401
782612323894644736
678355305583919104
780949277581324288
677246103281078272
780897331818397696
676870295790186500
778644787368951808
676791958732447744
777588331827728384
676467718711824384
776889751391600640
674070528324476928
776098710228992000
673704746302091264
775806364765552640
673687151351980032
773148715125268480
673681027307466752
770728277753393153
672947768609107968
770728238691803137
672468707508133889
767843141596487681
672468607906029568
765584988960088064
672466710587432960
763507415866277888
670974529523576832
761631670755786753
670027675998793729
758292308580245504
669576400173666304
756165233023000576
669575597706903552
756165131235713025
668899153343291392
754795862778220544
667779416135770112
753725730547175424
667370469734146048
753717140289617921
667172314610536448
752669039739203584
666351407302352896
752602397965488128
665914106994696193
751449902199279616
665901780832776192
751073095218257920
665614796730081280
750721677839990786
665298802689990656
750078738927218688
664853673583882241
749059475395350528
664529510700814340
748655016043376640
663830082557906944
748585635011772416
663820338954788864
747862988443492352
663375555706753025
747859896280944641
662662963761934336
747482437182185472
662372544930934786
747481839372214278
662006257168031744
747481776692539392
660148752813027329
747115306259255296
659053690423218177
747099689376419840
658327124563116032
746122688297566208
658310784108380160
746106170163798017
657747084053876736
746032517262753792
657370694481784832
745803925203234817
657334050869350400
745715556762980353
657266634286104576
745703511648768004
657266217854586880
745295029925740544
657265992528220160
743086046687154176
657265447830724609
742828172564172800
655804098344824832
742415890877153280
655717087168614400
741283762898604032
654129580408614912
738387847711854594
652950750922829824
738102947188334593
652570890908008448
734565595857948672
652527398760644608
734139431410536448
651826751463653382
733762534902091777
651752267322916864
732946028782051329
651751926313390080
732900567547142145
651451366641115136
730086099083632641
729295612521361408
729295397361979394
729295071720439812
726062500186300416
725328468259405824
724705874711838721
723548656440348672
723548537447931907
723548057258827777
722573483595530240
722179756561670144
720997089946255360
719949294372024320
718825366266089472
718464768202403840
717841220593184768
714896128119087105
713073562601578496
712696460551303173
712682780988203009
712266651153113090
710961715224125440
710900078538530816
710438649444356096
710438560567070722
710437169068900353
710130747059904512
707746235508101120
707603610817974273
707569266883567618
706187055194361856
705869216990236674
705869133699751936
703258712656502784
702593545945935873
702176854711652352
702175842798010370
649690286151598080
702174389865996289
649625323869483009
699952101607124992
649351057961820160
698181788871557120
648644273701789696
697835122054295552
647453613225328640
696770275699003394
647453264695398401
696506934757732352
647104736332640260
696149635706978304
647098586715553792
696147630108217344
647098428548345856
695628100013596672
646406071607795712
694918362145648640
644871931292987392
693120088032047104
644871340105797632
692384161278066688
644871050799484928
691765237146619905
643830978956402688
688507958779482112
642375309543800832
688501720687587328
642351622660694016
687109979300605952
641997003531141120
687105400005627904
641035661345222656
687100035415281664
639787336188973056
686551836321382400
636626126086008833
685587548991844352
635101630535303169
685545398660939776
634853250810937344
684420770601283584
634853035957747717
684403516383834112
629028987797405696
684402842082373634
628254859310039040
678976611622907904
628189893332729856
678623776355958784
628189846243307520
628189769072312320
628189546820337665
627169670240542720
627169422025850880
625384551146201088
625007819482398721
624684926298947584
624218478107598848
621814131205607425
620991388973449217
620991303485161472
620991226469335041
620953373399994369
620953031274795008
620952948584153088
620952767608266752
620951699822407681
619552934632779776
619552860230025216
619552482709127168
619552404309192704
619552144077811712
619244094728986632
619243702892912641
619243472545951745
614463562585518080
614445026978893825
614091519847452672
613761936153407488
613121888194134016
611587264733425664
610930794186567681
610866902148206592
609111973339516930
608012177719619585
607557528323395585
677499091673350144
676870363788218368
676437348712890369
674034385327415296
674004582461116416
673681999672967168
673681907083640832
673681473459716096
673681155623809024
673681108114890752
673566511546499073
672598839438802944
672476806549762048
672468195090014209
672467107993542656
672175406871654401
672170543060226048
671781292074225664
671781121907163140
670982587939201024
670665521860378624
670663189655363584
669575895238238208
668871142191550465
667416015765184516
667400494256668672
667370022386421762
667369918963310593
667328893980930052
667047682658213888
666990397281968128
666380565545918464
666351622474321922
665911170516262913
665298558661214208
665298351110262784
665173461120192512
664909466039660545
663955594991132673
662772995484610560
662728062027481089
662369260761690112
662338284929064960
662050918511300609
661957623416266755
606578577757376514
661280124042665984
606505063649910786
659479853901717504
606502408315768832
659404936959107072
606199154960908288
657580364601389060
605834994922065922
657389539321884672
605834162746982402
654712240289910784
605782184050311168
652608353533718528
602590687079616512
652143640580501505
601851111457325058
652111627207221249
598611484046942208
651176732695724032
598158212718702593
650363785732063232
592752575113465856
592751477220859909
591332481128730625
591291087408488448
590997990476775424
590997940598104064
590997697290723329
590997302401245184
590996864213848064
590996292945502209
590996082064228352
590995790715363328
590994895197884418
590994646689513472
590994596110458881
590994318271369216
590994239066132481
590993093966594049
590993042494119939
590992541228601345
590991905489559552
590991547224719360
590991363535200256
590991200305467394
590991084005810176
590990314804027392
590990124378357761
590988671614083072
590988564919386112
590988284156837888
590986248988336128
590985722783473665
590985660326137856
590985322802106370
590985201804795904
590984436499505152
590983916758163457
590956158325809153
590888742308683776
590627882839498752
590627045769633792
590173888996253699
588795755613331456
584750339636604929
584749683538432000
649677395134390272
649644243145891841
649326336868270085
649315555975958528
649230320743641089
649230159787229185
649230079030087680
648498895702654976
647453714421284864
647453477061423104
647431513429164033
647426651924598785
647426595368620033
647098094727897088
646662807220559872
644930067852840960
644870797841072128
644565863107006465
644231791847604226
644192750385106945
643153682981261312
642375455874621440
642375349213507584
642375222130311168
642351767846584322
642083801074675712
642051124455997441
641299686901575680
639889458809188352
638437226829991936
637787337183916032
636639612476133376
635152896317743104
628293114369863680
627169570932031488
624685409839251456
624277901379305473
624257493477294080
623208269494943744
621760475202719745
621064959418568704
621059918297235456
620951594583105536
620951454027792385
620951366379405312
620951016922607616
620950937268559872
620023232033390593
619898950561210368
619553067185405952
619243807989612544
618842062767566848
613826610517667840
613122407805530112
611262484658454528
583652068365180929
611262168047202304
582196648958283776
609398188466929664
581854307189833731
581563354537299968
581127957382565888
580404517168103424
580134503152295936
578968366720892928
578247993192771585
577615055761588225
576773274350288896
576139299894222848
576114232292438016
574348934400835584
572073975381151745
571453056098942976
571320550095785987
571116106376716288
571058125064802306
568505567989403649
563403696537468929
562633662756171777
561902597515542529
561213046279131136
560954797961248770
560493469442277378
559032708199108608
558805141609283584
558705509810049024
557748214204751872
557747662771208193
557745284709883904
555501821582925824
553641178479214592
553631128184426496
583754089990750209
553289939715391489
553245744925515777
580517340057628672
553213488869695488
579419456205651968
552922944973074432
579377688202362880
552855026839060480
578642514984464384
550796835271766017
577135507332825088
546739192164667392
577122681209892864
545321573864185857
576082189042987008
544921164326240256
575455522213642241
544587484399542273
543245375763529728
575310948975669248
543155817193566208
542819471061438465
572899372305924097
542381963315658752
541308295340756992
540593258058235905
572148955460595712
540574790051196928
571464978466791427
537676629016051713
537303210017689601
571006910947655681
536554238919577600
570990712696782848
536257178374782976
570334148763656195
535607225008783360
569522174681198592
535519828040507392
569277411465895936
535077610053591040
534819737499607040
534731950117126144
566290732172849152
533453908015087617
533361402258657280
532322295155417088
531136406031441921
530909487088287745
530843425219026944
530841776605921280
526747667775225856
521523238828904448
520210343256006657
518144093126279168
516705284732243968
515525919717744641
514500224275202049
514153520837443585
512309531079352321
512305788116033536
510190919950561281
510131973004607488
509904515228008448
509891158122987520
509439120683196416
509432700374368257
509066528210579456
507674230084083714
506919376663375873
506470180084805632
504755738758356992
504684240282615808
503949317586292736
503246336125198336
502972106150543360
502617547121115138
502098234329010177
501857537772507136
497921239009484801
497064133389721601
495648443944415232
494893695045746688
1089663915032801280
1089224410878353408
1088904829563473920
1087052522689359872
1069380784350470144
1065714344388947971
1065010810563497984
1061677843015520256
1058546032353705984
1057742393452232705
1040633744204423169
1039932055986028550
1038186073510301696
1037695098795028480
1037117540944764930
1035675113524551680
1034567810947731458
1032071746587971585
1028821849331912704
1022153850822766592
1021365714907787264
1016700415897931776
1016042601928183810
1014966290514173952
1014965963375173638
1009906186752331776
1009062156262928384
1006931481711833090
1006893901658120193
1006225388593385472
1005575546804326405
1003365759278567429
1002997653762912257
1001900276985581568
1000770305042853888
999769294362816513
997547660864311297
996380500553031682
994579936517214214
993923897375543296
993511854268968961
976245869468110848
973989244237701121
973698142054113281
868841303907459077
868816155980464128
868478927005765632
868100889994809344
867073382252261380
867023860629196801
865675657598128129
865334865494986753
864984915254935554
864630244988342272
863845664253464576
862768999486062592
862703273186217984
862086616361336832
861581818826563585
860578130150424577
860547930981269504
860197235971301378
860172961575292930
859880496918147072
859384328027070464
858731307865714688
857621249324929026
857338324905852930
856672934441623552
856601824559718401
856571631602253829
856161851356442625
855451334543372289
855195403016433665
855152723666362368
855126245163577344
854413720130392064
852991557624102912
851825199351820293
851087056071733250
850009244451704834
849673835318267904
849358742386880513
847546367035813890
847432296772780034
846791810282348546
846734624923443201
846425540596813826
846090117211029504
845266029328695297
844935170000146434
844889783306502144
844649549696286724
844566742982692865
843844301079699456
843796356108075011
843497776327639040
841401905842655233
841358882970705923
840238860382670848
840236642606682113
839991479753924608
839831564968157184
838099394582949890
837827524897951744
837473558506930176
837136765274230784
836780624316887042
836779652693835776
836578746312372224
836279055783710720
835325077407297536
835150010677407744
834928661518139392
834472399735312384
832973972765552641
832596362453774336
832394156370706432
832249437820960772
831867624887812096
831213085734076416
831173750523584512
830901530932940801
830866571933450241
830586977833586688
830494729720709120
830117997687820289
829358238571360257
829344409049251841
828298853971533824
828014163888848896
827904939997405186
827702324613218304
827676903381286912
826828267579662336
826463805936848896
826271003160506369
826164453884489728
826157466631208963
826147844356763648
825863682051694593
825538006446661632
825144232390303744
824291829336129538
822875679134023680
822136155923763201
821812728553672704
821802043199393796
820036627175276544
819653553149059073
819586240832008193
819583651776229378
819214384958476289
819010793538732032
818573750765371392
818228488159297539
818101746992029696
817778867725365249
817580853551362048
817423741303058433
817087729422991360
817055207246983168
816757396487946242
816702147219914752
816418693651505152
816362110066245635
816326679455027200
816318553083277313
816107057975857152
815969958412898304
815422425471086592
814636814040338432
813794632664551424
813112483548262400
810185797517377537
810167180474118145
808474835928174593
807662446404128769
806925293529210880
806552819369119745
805131925493006336
804381780841287681
803752958844280832
803618775358533633
803276519623622656
803060595167608832
801838542561361920
800376190632685569
799741471624720384
799623573551927300
799451393526534144
798959981815009280
798532615737200640
796492536374247424
796395126440558592
795423609216974848
793199668293500928
792724242248835074
791720379882405889
791298529507631104
791298233242877952
791298088828825600
789547518388424704
789146537385275392
787661625209843712
785556661901504512
785556637331263488
785534475165851649
785497345223823360
785311491469619200
785210492952248320
784612724428926977
784482176062455808
784481851251433473
782362943555907584
781955616830959616
777886452239728640
776571291327467520
775767090330497024
774271501004578816
774201766061699073
770665710750208000
768878712284651520
767892742194114560
767808484364738563
764661489403854848
764201086248824832
761235107290177536
760500788665978880
755190326432759808
754022179445043204
753274666932965376
749348572424859648
749009819210743809
747862815998877697
747862372975517697
747482354848006144
747462608433840129
745864112903753728
745714917295132672
745700466407837696
745686930529132544
743475293915070464
742828241170337796
741348664698867712
738522214669156352
733416910734430208
733117991685136384
731184249873686528
731142699890450432
730865204167331840
726072759625863169
724312931983200256
722852523665702916
722783134119366656
721052392373010433
719581524430090241
715596657308467202
714133644718137344
712682700495331328
712266812227002369
710817722997870592
710131053978107904
708327407208501248
708047873405878272
707943528446431233
707283589990326272
706900110270140421
706556449313304576
705841865514479617
705243818468085760
704810458398789632
703327199793975296
702175956514054144
702175785541570561
696150029556277249
696149790044762112
696148790525321216
693153460343193600
688503232637698048
687267819503915008
687105741212282880
685462439165587456
684816570166722560
684461850835185665
681502481906466818
621811470972649472
621028959367659520
620990301767909376
620952471905660928
620951300080013312
619552300093304832
619276808324808708
619264290852200448
614512901647417344
614463643514580993
613754129358295040
610966754630746113
610932050573570048
610866421002838017
609430878184472576
608709298663903232
606852914565529600
606578480038428672
606054225647419393
605753185622458368
605469877294358528
605352443581480961
605159334385995778
602500549896962049
602301012511195136
601783952353972224
600747405273800704
599660157820346368
599659794400747520
598923031071870976
598607331908268034
593138092615278592
591424249312706560
590997556542464001
590997451500351488
590996999736008704
590996936569782273
590996178138980352
590995865474564096
590995518953754625
590995104942415872
590994949493170177
590993727461707776
590993670641422336
590993609895321601
590993541150670849
590993356232196096
590993202771062784
590992884977049600
590992353986482177
590992280405803008
590991771808768000
590991628766183424
590990757772787713
590990588129976320
590990412480937984
590989866156093442
590988912375554049
590988748982202368
590988436082991104
590988187977306112
590987973040218112
590987825161572352
590987350165082113
590987241297707010
590987076285378560
590987000376877057
590986835863609345
590986768587091968
590986324720619522
590985819835478016
590985146200891392
590985069503897601
590984855283957760
590984774375907328
590984681694302210
590984143468687360
590627342508253184
589130019148058624
588389375072833537
586607538487095298
585854096718049280
1173299911158374410
1172580666447470598
1172580665314938886
583399865327214592
582207709254004737
581582890615459842
578591759678238722
578007088762245121
577851181415927808
576456123760451584
575005246591746048
573994855682207744
573139025671933952
571785357760569344
571785201870880768
571300551830474753
570965222443364353
566332344278478848
565992085208453120
565523983370838016
565354556897230848
564198206787960835
563755037185544193
563026493136068608
560987665768906752
560493434818269185
559134815291990016
557586860751716353
556115499944542208
555498638987001857
555156204239192065
554308293238456322
553641234389286913
553245762134757377
552946371490492416
552855913628192768
552832086088761344
547516356846182401
547493358315532288
546025352653701120
543439402299822080
543236228825350144
542820095584530432
541666724165484544
540943405862641664
540270657641402369
538047662948245504
537313489225011201
536529751218065409
535606833176932352
534883826821259264
534074288790568960
533312169467584512
532387312878252032
531596636276133888
531585358740606977
531166633386340353
530826578453069824
530422676922597376
529699039110258690
529681992728576000
527144055923159040
526416738548994048
525377158319861760
522492116954783747
520557038699425793
519503500158697472
518166155119177728
518146980451594241
517744861215068160
517354392392310784
515170401455202305
514451012539920385
512952535540584450
512350826841403392
512286194219384832
511973487087726592
511925946216382464
511230998395494401
510943382638972928
510398901397250048
509873839237767168
509836341866418177
509787325971578880
509770325916008449
509748572934647808
509382286702563328
507291340007546880
506453795208183808
505078241947058178
505008441401016321
504663364971540480
503944475438493696
503162785232982016
502224496573808640
499634591217770497
497079966106800131
496801295316307968
496348359146229760
496011984584728576
495977972021878784
495401365720805376
495392914743103488
494603698086350848
1089247892559286272
1087724209592246272
1086114053888638976
1085629891670933505
1085351529983426560
1084933027254415360
1084496866476261377
1084465833408114689
1081247857192120327
1078827491190558720
1078374440789073920
1078028161915314176
1075799339044347905
1075078353152065538
1074387772310462467
1064225872608141319
1061758165577097216
1061006531871862784
1055227989552578560
1054501684414574593
1051191072632786946
1048676297046724608
1047296936825556992
1046166006769602566
1044255168148242432
1043236266635128833
1043209136840814592
1041841277074132993
1041419574967783424
1040625634299535360
1037089447492415489
1035284764935249921
1034893074693083139
1034821104899121153
1034191972121157632
1033791600613384193
1033411675318173696
1033098089979101184
1032737424529604611
1032010351301337088
1030607137477521409
1030108782821617664
1029015190065635329
1027302285272145936
1026887847838511111
1025792360960020480
1022678476925677568
1022278670638088192
1021948431219220480
1021568954731520000
1021036039748669440
1020843087738925057
1020318054880772098
1020041083768721408
1019640385784729600
1019363674270633984
1018909985819058178
1018236154972377088
1017845608361717761
1017532308465778689
1017468646581522432
1014966209182359552
1013149703146532866
1012461695300702209
1012116819589713921
1011745707328458753
1011412310898937857
1011255637949534208
1008382685046300673
1007682203772473345
1007085274533416960
1006567805259534337
1006175183516983296
1005856570549395457
1005109077813485569
1004849776272257029
1003672183997157376
1002312232326303744
1000480584437846018
997249524551700486
996841915659276289
995700537168400384
991673621176254464
984972964746678272
983857762965827584
983810306286739457
980903574275272704
869310301858136064
868924392134332416
868575162635104256
867535498922864641
866742273920335872
866036849403473923
865948610780942337
865672104737472512
865271299991588865
864867748438044674
863798919708397568
862837042962546688
862404905654530048
862384960463876096
861947155413598208
861705766951989248
861667913815609345
861663658014904323
860889457909780482
860223808602599424
858007021978886144
855852784469409793
855508897318055936
854841202889211906
854037287168069633
853616919563382785
852307905017761792
851517525624008706
850081844448161793
849656316452798464
849293762912296960
847851033653129216
847076628865826816
847057646020648960
846018986651340806
845676010402189314
844684728435396608
844319709210259456
843798017652219904
843110631381389315
842751667015766016
842738261470724096
842435276937007105
841418696203608064
840980276578779144
840936080174129153
840241118084243456
840240189851238405
840239333554704384
840237760145428480
840236373508521985
840235670950019074
839528566706614272
839308463914291200
838769380104224769
838748098096680960
837747208200028160
837501145161555969
837444940812677121
836779041604714497
836776987704324098
836341723978694658
835986554967457794
835928984496013315
835334318385942528
835219138654179331
834428939015696384
834203468126646272
834049380185473024
833856543368032257
833330904399495169
832655723418955781
831852967313694720
831570670257631234
831291213542195201
829839004338098176
829437818074193922
829031169312354305
828832126506266624
828675918969307136
827543381928722432
827315641740828673
827177266341883904
827166026928361473
826816035705733120
826218996068392961
825734683954708481
825497880228134914
825425969104224257
825422687434575872
825380341988864001
825142649090895872
825016516399738880
824674820042477568
824411350420127745
824365734281302021
823977125267050496
823954669865234432
823549110229864453
823002911840096258
822642016479748097
822580027418169345
822563580075802624
822471327508496394
822470073285804032
821885115806707713
821510415075000320
821454726126505985
820840022437982208
820702966105731072
819971150465921025
819578062639656960
819572116068634624
819562291238555648
819232683167514625
819192227482181632
819005797954785281
819004401901797376
818938283442970624
818842219385933825
818527786814046209
818105486151192576
817777323797807104
817583616112869376
817479996130332672
817054894985187328
816684854280617984
816638236185530368
816326492242268160
816326327074770944
816285643240247296
815576468428353540
814849028177334272
813914414160048128
811966322401800193
811965952535498756
811965680824238082
811964252470857728
811964141753790464
811278846636879872
810955672405807104
810542650969440256
809825001549479936
809409576697266182
809169210870038528
809114722868097024
808676283488104448
808383046722396162
808074158659739650
808039579005714432
807965953577381888
807662773211693065
807389608816287744
807254885158752260
806960173503905792
806524949401833473
806293576669917186
806205038859264000
806169482527993856
805901257588215808
805899411930968067
805777813584412673
805760707518197760
805442542963748864
805073963533692928
804718019473612801
804704842446827520
804122662750580736
804121587406487552
804120444349673472
804118754124820481
804064661796691968
804011855891013632
803428519069921282
803361224218083328
803012887295889409
803010096485699585
802350969027751936
800814066998661120
800010150044192768
799310848812519428
623243520858427393
621813792402321408
621370529711263746
621103797763354624
620991334619459584
620952722431418368
620952382533451776
620951793846067200
606579092587225088
606578787975839747
606578312039825408
605429016049422336
602474273433853952
600747534462550016
600688796510900224
599942686242635777
599667332399681539
599661321811075072
599661193767350272
599660376528138240
598922885777006593
598607545989730304
598486456760426496
598134044652478465
597855563444310017
596429607924060160
595288640705671168
593888857705291777
591332338572759040
591265853372522497
590998385336934400
590998034089119744
590997800302858240
590997174244245504
590996786485063680
590996444359892992
590995683286605824
590995574972878851
590995342138732544
590995263445151744
590995191575793665
590994715962712064
590994147366010880
590994044555239427
590993856432320513
590992971610386432
590992711408287745
590992608035504128
590992185585172482
590992006027030528
590991817962827776
590991477016285185
590991304135483392
590990843630198789
590990238861893632
590989777391980544
590989679555665920
590989516472713216
590989276667584513
590989101601595392
590988999730270209
590988374971940864
590988112718880770
590987765166247936
590987486731620353
590987432864133120
590986544997081089
590986170890395648
590985546626945024
590985494558806016
590984278227472384
590984216764121088
590984062912827393
590627972169728000
590627441011519488
590274605887029249
588844097072472064
588099805353791488
587300854077722624
586888407906791426
584401295026466817
583727325839130624
583365885106249728
581530359315218434
577471920205111296
575384155082596353
573983626578247680
572844958866116609
572813739013087232
572801793769541632
571371494409936896
571081448918286336
566701526107058176
566282734688301057
565545679037415424
565524837184331777
558034837106597888
558023962056077314
557706730327785472
556247069279932416
556107913823928321
555437745166753792
555377848312004608
553667113974779904
552850893943877632
548896105464102912
547493167764078592
547492938272763904
546048835684818944
546019733477548032
544623449474609152
544602093185548288
544576011044913154
543825713842122752
543110358941331456
542382253469212672
540214904322809857
540214407952076800
539848142284664834
539514756789731330
539502864587317250
539498386324729856
539259554815418368
537685792676917248
536563061394788352
535921331158917120
535603569207283712
535602845891166209
535475618100822017
535182201047220226
534911320437837824
533037279208828928
533034026014367744
532894096755789824
532731034572697601
532325190316081152
531896871313473537
530777110152224768
530210250662490113
529360876982501376
524618502083473408
520746883401388032
520687887126626304
520653946369896449
518114567851765760
516736007119839232
515858740818771969
514833485723627520
512240335544930304
511159580202893312
510051638468702208
509903360452202496
509722904079392768
509021250258472960
508097677964619777
507890361587748865
507285464844607488
506902868511965185
505005058808102912
504739607318392832
504328650653982720
503291111797190657
503222742528040960
503139507311742976
502439489193922560
502429938742349825
502135641032110080
501856432925720576
500323581469794304
498121792742236160
497134221388181504
496002934337859585
495221228333195265
494893015417503744
1145047732241010688
1087429907897036802
1085972040807534594
1084899227409494016
1083792770379194368
1081224599663271937
1077618877008412673
1076911873876930561
1076311432168271873
1075791499160215552
1073234777199783937
1072589620200783873
1072544315312889856
1070000465138601985
1069285771444740102
1068924866403991552
1068192649901953024
1065396902806650880
1063086672554921984
1062450441248796673
1062382433184739329
1062125367018905600
1060249659699093506
1057071359774392320
1109966185909706752
1109867036937781248
1107414298014429185
1056230946259787776
1054096406963806208
1053053479449714688
1047878252965089281
1045746567297331201
1042194778664914944
1037857955717292039
1036272969562157056
994582537509982209
994248547523596293
991716092526628864
989939541208371200
989549031042019328
987485654878650368
986598811261915138
986273545381662720
985567064311193600
980495456647118849
979912435946737664
978005456256929798
977545871926710272
976208290987368450
975023990543613952
973368805610217472
972232371104776192
971866628194553856
971834278895149056
969589472366153729
967865030141272064
967514300939194368
967238494321086464
966034656817795072
964288157914157056
963531524632207360
960175176972472322
959403131451924481
959177091366506496
958793914584064000
939504115641700352
938783158912380928
937406138416541696
936049184695836672
935252765781225473
934112850028658688
930814503083757568
929404610833510406
928289166265344000
928288155790467073
928287625160556544
928286538517155842
925924283284623360
925830540506394625
925821285438980097
925502771016687616
925059297029115904
925058957185601536
924699652464750593
924665466479611905
923742545947054080
923174611201789952
921364215293710336
921097722492522496
920365804109090821
920009737550385153
918928521954816000
916320269962305537
915214442329264129
914880326660485120
913869447584256001
913554799068672000
912025108805337088
910657070889705472
910617379587149824
909456925128982528
908353516514791425
907965166649843713
907242541959057409
906237017331257344
905506832260751360
904877857092108289
904529910055796737
903345032295583745
902167534757187584
901876654221524992
901255043344728065
901230900133986306
900432753396768768
899391595195269122
898615814810501120
898219827235627011
897596424262737922
895377258533224450
894260689740718081
893206999856492545
892391208231763968
892096027158863872
890731498713874432
888778126683254784
887860665209286662
887778414257729536
887689784654782464
887474186347847680
885247932039036930
884881978138480641
884777429142835207
883749904266481664
883336853927202820
883135046349185026
882951291978297345
882360858818555904
882317697303924738
880557708017106944
879802636450529281
879023547892604929
878778562563756032
877928466670166016
877705652898066433
877263178308227072
877190810340655104
876468572276445184
876459504728031232
876095858336571394
875381752084213761
874761086582624257
872861840124071938
872861616102137856
872536503322370050
872237327564853253
871176760821501953
870418151313420288
808527315542097921
808417086036971520
807985536745017345
806585173374619648
806580285412409348
806300772250091525
806197508401664001
806164298867339264
805867592732868612
805154068356362240
804732960956092417
804732536006070273
803987435394830340
800727816153088000
800384717384257536
800378173070290944
799822363370127360
799808902007287812
799048960371556352
799039031086551041
796420593977556992
796420333804912641
795414569594351616
795362919437467649
794636202867654657
794320077705400320
794217446882283520
793201459189997568
793139200401047553
792526723959009280
792151728271556608
791298996904062976
790598280145240064
788179433139994624
784482111084335104
784481794854785024
1031565236330004480
1029811415366991872
1026134846777651202
1019198115474231296
1017794223649763328
1016016027895975937
1013904558807027712
1011672655823597570
1008737985351897092
1008449519376392199
1007355595714854917
1007296224674942976
1007265985940815873
1004017641361694727
1000084478499414016
998709328126316545
997197331215867904
994676975825489920
994557849048109056
994222168136445952
992885667666505728
992166231397552128
991420064439193600
991374798499598336
991080341006938112
989969513516019712
989524565872336896
989131261766701057
987312865114771456
987137690327048192
986420886214467584
985955817374535686
985551360178483200
984796875780915200
984142976774557697
984096611226804225
984072709637312513
983503314078846976
977618072411496448
975394213859921922
974843120423788544
974352997839982592
973229928819904512
972957065487503360
971532135902404608
971051872894275584
970709694594641922
968946717763792896
967569727555031040
966796308999794692
966068171861057538
965355012313448450
964920178327871488
964604668679806977
963905321654775810
963062191804108801
962762180344107008
962140601130110977
961966066942476291
961356884467945472
958897790469464064
958564754678779904
958168465499549696
958014388748906496
955575979711303686
954726586384871424
954168476268154880
953619309988909057
952953408490803202
952939894678147073
950933669660844032
949310524117929984
949031056916799488
947566286539669504
942989912801812481
942919978688372736
941740544065245185
941740120201416705
941739267017060352
941738567667200006
939891387130105856
938896009794551808
938467031262822407
937001597045002242
936714047105437697
935960577654054913
934811521623961601
934590079410016256
933005756038860800
932322166028296192
931236028253442048
930463938407432192
930229460024127488
929355576668286977
929040193658683394
928289659565813760
928289436722520064
928288924002332673
928288616434094081
928287035315630080
927913743706656769
927617251695525890
923629266809638912
923015403546251264
922478083785060352
920419524993789952
919978548764528640
918802343897989120
917774910856015873
915969241039491072
914996058446548992
914520353258528769
914249221351591941
913872262075314176
913438165322600449
913425543869161475
913083628468539392
912780631729479680
912423747688259584
912147533207498753
912010862126186496
911948018173198336
911662028787290112
911219970478104577
910129919266521088
909919178810736640
909457434699321345
908811615746830336
908685117081649158
908140047186132993
905468532061700096
905087495846678529
904497004558077953
904410129000538113
902704533415104513
902587923727622144
900152537805881344
899284252902256640
898211737098485765
896478988209721345
895362501549981697
895007954113617920
894991393277566978
893110473150930945
892415835477872641
890222051566526466
889218772413927425
889160713482240000
889152209191096320
888195053033852928
888059531175108608
888021545083428864
887788695474122754
887685401858715650
887427652755365891
887008276247961600
886749763227484161
886591957836890112
886588828831633410
886330778426257408
885610648314540036
883452266803605510
883067714318761984
880824374751789056
880509848491880450
880488278662803456
879762653262073857
879762364308094976
879761920261328896
879708815301783552
879439210750636032
879435087909203969
878023065569046528
877873782806990848
877535179748913153
876917651729154049
876909610044608513
876812800328388608
875816502619906048
874659325956026368
874399777240252417
872790744825810944
871436693110444032
870675759609913344
870321613513916416
870075088951013377
870022329077821440
869983509447888904
809444339533434882
808147239956783105
807980191544909825
806256432647720960
705871840951062528
702529961517785089
699739446581837826
699739340201660417
698843212689989633
694580038180716545
694569171661754368
692400227840430080
691812903100551168
688502664875778048
688502547175227393
688502479995047937
688501906264555520
688501581248004097
687084414556307457
685589313573273600
684792327920074752
684416912227446784
678310818711076864
675020467615477761
674642816107180034
674626163482996736
674349374005186560
673977277680488448
673678993476874240
673678897595080704
672468443501862912
672468008695107584
672467239040323584
672466981870792704
672422229544706048
672137094966460418
671788887166029825
670982330555744258
670665630933233666
669575673892196352
669575446397378566
669194005280870400
667416376429162496
667416323086000128
667416263791091712
667363596708524032
666352123739832320
666317690198482945
666246884097400832
666236649290997760
665911934605246464
665911417070034944
665911045656092677
665901797408702464
665298466256523265
665173937895170049
665173718554034177
663384771716739072
663384588350152704
663375484219060224
663375098812825600
662727791931076609
662035824138190848
661957566457618433
661596093168394240
659134839560519680
657901168585285633
657638980482158593
657630963174871040
657387045246148608
657266566065737732
657266505680338945
657266403515498496
657265952363540480
656565438789259264
655738080918269952
655737480314916865
655036133148114944
653238732993138688
651220421652541440
649957972102262785
649347625657872384
648569827746017280
648498952082452480
647453670980886529
647172701489111040
647098784695107585
646446612273872896
646406008852606976
646405840036077568
644919846539407361
642351322587602944
641366701632651264
637346617012711424
635129040140140544
629488407392055296
629359291175161856
628372788433297408
628189961259511809
628189719273316352
628189589623185409
628189491837186048
626446728401690624
625780508505546752
625676027088408578
624685206432301056
624675928317251584
624323323036438528
624265838594555904
624218530427334656
624218429369749508
623130306724429826
621814074297356288
621811727240458240
620952427311857664
620951206735814656
619610511060140032
619243989032546304
618812440080334848
613786984692105216
611262399853789187
611262000337973248
610866705527631873
609061309615886337
609061159342362624
