1253147611575595009
1252776286814187525
1252682203001229317
1252360674589593600
1252360671653593090
1251901238477819905
1250896737033740290
1199408484233682944
1197691770932473856
1197591023356194816
1197586274644844549
1197280072962658306
1176583997402603521
1175138519230091265
1175058538701438976
1175058531529232384
1175058527011975169
1158075293216714753
1157782370994589697
1157782364120072192
1136394872909422592
1106692270563229696
1106616615859306501
1106565990190641154
1105988229956816898
1105647145087127552
1105544732078415877
1105494588318511105
1105323510413578240
1105298721540108289
1104926330792095744
1159169237375705088
1120459601567207429
1120380795418501120
1119983625309696000
1119982440519557121
1119316566171111424
1118944125682880517
1115403122661371906
1114909179045720067
1199064113051262976
1197909096231579648
1224885168365875202
1194374636353544192
1192258150684151809
1148639360935481344
1123632576697196546
1123618511706886145
1123613506513854470
1122959570396155904
1122940803201024000
1122891906646794240
1122176560067424256
1121468912653275137
1121449620784205825
1121148505433825280
1121110031196405761
1199408486054010880
1197280072195031042
1252986696439926785
1252360669988450305
1250916975737479168
1250870025310932998
1099821402155233280
1098698792285671425
1098355712340709377
1098066333927907328
1097923795497701378
1148743561707433984
1148639364316049408
1148639360369250305
1148639358234349568
1146868433495187456
1171832477440258048
1171462741095116805
1170099639565148161
1169721591065907200
1135706880184070144
1135648611377827842
1134608908134342656
1134260554514796544
1134221879491911681
1200083010533625856
1200082966136938498
1163544229382983680
1227980265458479105
1227776462897504257
1227727662279471105
1227009014845902848
1225916970433961987
1225617274670850048
1225617272921894913
1209868082895671297
1208885810889678848
1208165479241699333
1207809451308310528
1207772750473039872
1207688620959768576
1207670888717520898
1207670887442518016
1207670884774948868
1200082963255496707
1189526869403672577
1189318254822678530
1188989550766501889
1188187007354396672
1187547100764082176
1187416081788485632
1187173078201241602
1157825307317063680
1157782367924301824
1156720738713460737
1138578728324349952
1138534427657744384
1138453995029180420
1138453994039328768
1138195819729997825
1137121994070269952
1136737739712356352
1158427799738363904
1158075294936440833
1157782366540222465
1157397030886678528
1157146342222729219
1138532425120800769
1138453995742277632
1137764920714547201
1137078994011074560
1137078993079984130
1224934953605046273
1171832480288137217
1171539798265348096
1170362867322953729
1089002816738377730
1088199535149674496
1087897252641812480
1087564608515293184
1086728236279742472
1086508059726397441
1085572753271472128
1085304268117209090
1085304265948696577
1085202406751772673
1083781033236066305
1222969463106101250
1111297923810279425
1111072179700068352
1219385296351039488
1158427798572326912
1157782369409126401
1156981005200347136
1156661882255740928
1138616925569859584
1138453996732080129
1138193321631866882
1138172752039424001
1137024303726301184
1136805395761119233
1136394875082104832
1136336308014526464
1136323830077624320
1135999113055617024
1135931697290240002
1149783558799671297
1149738280100999169
1149093265230221312
1148743562504351750
1228720981394542592
1228042427514204160
1181676236239716352
1253154317147811840
1252435012651118592
1252360679190753280
1252360676258922497
1251189753850007553
1250547191556575234
1140771105189191680
1140710586575200256
1200923983677407234
1200083006884585472
1200082958985703426
1200082956242608128
1140638619339763717
1139246317664964611
1136002544310902784
1135712772639977472
1135630050768957440
1194282432616382464
1192478996191203328
1192198181376929793
1176858315802009603
1176606480176484352
1175058518740783105
1106327039303475201
1106299476392710155
1106242860263849985
1105649559198416898
1105514162665521155
1105508450073743360
1105232967230734338
1120805694331080704
1120721462267195392
1120380797285031936
1118930681818681345
1163850210772230145
1162070702154891265
1176606480897847298
1175465966718849027
1217905047276834817
1237460562696601601
1148639362713903104
1148639361833078785
1146804055152439296
1248265810818338817
1248030005629784065
1219688042761420801
1219661125236731911
1217552233522483201
1114548510890823680
1114287822016479233
1113905923850997760
1104891773686607874
1104830494196277248
1104212140054007808
1104059505103593477
1103831979538157568
1169001220859731969
1168990400020963329
1167470683909054465
1167470682860478467
1167470672630566913
1167470671506464769
1103489107710406656
1103032202571464706
1102325565363814400
1237506327284535296
1237173611888365569
1236072188115120129
1235686005631594500
1184253489305866241
1184195975725887488
1184194571879751680
1183888450145013760
1183072125785120768
1182777642468151296
1182685392706908160
1182380546778898432
1214302812286402567
1118238160264286220
1116328152740040705
1116059449091854337
1212881061753106437
1212782239664218112
1240418989282660352
1240308398056517632
1239975208166895618
1239607397758513154
1239591734448963584
1239369426438414337
1238222304376741890
1244698334499155970
1244698254056599553
1243542873330589702
1243295955711152129
1093884247507693568
1093884242126352385
1093277183852843008
1093277182997291008
1093220628478480389
1092825179007397889
1189705793643388929
1230975081993711617
1230973398018396160
1230270243702018051
1242910933313257473
1242648465634660353
1242648463927623680
1242648462048612352
1242648453123055624
1242648451718004736
1242648450250018817
1242648448987521024
1242648440506646529
1242610583859593218
1240483522688811010
1242910932092805122
1242648467056590848
1242648457577406465
1242648455991955456
1242648445959254017
1242648443950161920
1242610573877092355
1242218096145895425
1242202371771506690
1241138899986104325
1241138898698473475
1240752685697118208
1184253487640657925
1184197632505401344
1184195574205177857
1184181773162483712
1183888447867633666
1183817853574746112
1183817849208475650
1183072127035101185
1183072123767668736
1183072120877789184
1182432131060043782
1182380523026571266
1182048858299338752
1182048856407789568
1231339028043177984
1178778956947955712
1178778955534540801
1178433878941425666
1178031756106244097
1177732283178115072
1177298914984247301
1176910098209398785
1258080459176755201
1257796116839620608
1257796115241590790
1256285139283345414
1242910930498879488
1242648454670794755
1242648441978867712
1242218093419597827
1241138894785204224
1241138885276696576
1240750630341357573
1232738348298625026
1242910929467183110
1241138897414959109
1241138895972192260
1241138893208072193
1240785401389907969
1212220044635037696
1179064282627092480
1178778954813050883
1178031753098862592
1104884065705099267
1104598827766611968
1104226457369436160
1104170772594073601
1103726608710594561
1103722583017603074
1103704109767626752
1103445780776521728
1104863390349049857
1104059671906844672
1103675491096109057
1216917212717572096
1215411435234365441
1184196301124177923
1184181783413379073
1182380551325540352
1182048861960863745
1182048860962791426
1182048859180212225
1181748265731141633
1245534681627537409
1245193922328002560
1245192247202758656
1245000724574068743
1244752473480445952
1244698255214206982
1244631894999937027
1243923169347584002
1243693556398686208
1191813283604574209
1190330959448674304
1189996983349645313
1189951660006805504
1217199510599929856
1216846097773187073
1215411434487713799
1215354098926616577
1215333376598728706
1178682238034223106
1177608641265967104
1177314352866693122
1176910100554014721
1093997586825035777
1093646924325048325
1093498577509380096
1093277182028320769
1092985993534283777
1092894716096581634
1092817341677735937
1216909416425050112
1216048122826121216
1215333391543029768
1214984069316063233
1247966554064478213
1191460980619980800
1191460979760156672
1191440914729832451
1191406803650859013
1190798415971659776
1179172416733483008
1179064281725321216
1178778956264345600
1128434367691460615
1127312397000220672
1126500052862742528
1126276024528973824
1212962801062490113
1212881064856870912
1238645983396929544
1238548081039282176
1232724593384869889
1232391207634055169
1214302813309874177
1214281951030460422
1128666498069934080
1126574004578541569
1126278546685595648
1126276443628027905
1126205373516591104
1177389736513679361
1177314369287446529
1177257824352686080
1176982958785347584
1176982957770362880
1176858316762505217
1180658737960423425
1162391640209838081
1161721676679262212
1097248856239161350
1096984908906618880
1096900486417010688
1096475717930573824
1096229595530096640
1096147578079596544
1095766699075358725
1095766297953136640
1095765242645303296
1095700490552258565
1095683815404646400
1095364707123449856
1095135034300862464
1150911857533825024
1150856304673599490
1150242682612174848
1232450564681691136
1242911494876078080
1242898921975885824
1242648459641081857
1242648447347576839
1242648430318624770
1242517441839800322
1242491236851867649
1242218097433591813
1242179179405291521
1241819077510823938
1240997143059537920
1240725531722727424
1151235176862818306
1150789607170236420
1138454275078676480
1102279362882273285
1100904125343154177
1100866979144089603
1100409685461463041
1100187654547800064
1100067745385857026
1214219712906829824
1213513852370980865
1217904008486096902
1217559486929494016
1240418987223252994
1240398255403433992
1239343224092790784
1238564592802029575
1238226568960512001
1176533325940498433
1176176920570015744
1175138518319939584
1175058547119460352
1175058532351324160
1175058519478931458
1174717054919872513
1216846106354683907
1216753462739947523
1215006545915908096
1214335158737932288
1220075798473969666
1117855810934190080
1116387090902728704
1113182464975998976
1113166107609841664
1113166107022589956
1112376604150382593
1188646259684499457
1188509645628936192
1187393668812038144
1187210581587234816
1187071841392906241
1168990399265935360
1167470679500840961
1167470677080735744
1167470673893060608
1167470670453755905
1167470669426069504
1253087363988885505
1252682192225923072
1252360677601054725
1252360673167683590
1252360667232759814
1251279037118414849
1251256953013231623
1140771350371610625
1140101959711645696
1140101958444965888
1139642547389784066
1139289416567066634
1138830403375108096
1159565088954732544
1217199728380862464
1215391446544670722
1215006547039924229
1237882110003662848
1236072188987482112
1236072187339198465
1094477535386263552
1093884233460969474
1093264140385353735
1092921477945614336
1171489678874165248
1171409647045140481
1171090996802834432
1161014090040586240
1160961144384884736
1096585739511447552
1096564381637324801
1096536937312198656
1096055913021145088
1095766495622299648
1095731303071260672
1095450039303000065
1095096050778550272
1094978847458684929
1111299109636489217
1111290497803399169
1111284841239273477
1111019744633806850
1111003031192113157
1110923525542592512
1159500874017923072
1098721966062821376
1097640157447110656
1126497851360645120
1126278904543678465
1101230230193258496
1100779682688045057
1100541014484402176
1100534320241041408
1100480393038520322
1100187655172689920
1100187653817987072
1100097597564510210
1111687494410616835
1111320776551079937
1110556104034004992
1110551656670904321
1122953462742966273
1122890519636582401
1153797064699961344
1152319902738526209
1152319902004498432
1248349728603070467
1113150859951706112
1113150859389669379
1112558208344866817
1112558206511992834
1208165478428008448
1207776358744625153
1249478100938784770
1248349729639018497
1229897977050927106
1228386246986227712
1228384821975683072
1228058226975006731
1153767343182503936
1151944315507216385
1151934464613855233
1151934463905075200
1151934463217029120
1151631542768361473
1151631542084689920
1111700478889545728
1111690996901924865
1110665848388284416
1110029158321664000
1113125913196146688
1112893180893192193
1257514208872275969
1256633534611165185
1125819804701593603
1125799366768386050
1124378126363058177
1124361496681746432
1124071419871203329
1123969710549237761
1099060163808555008
1098995886921789441
1098668990266781697
1140638625337618432
1140314108732018695
1140286619804680192
1139617246538543104
1139289415640145924
1242202377140293636
1242202375143731200
1128392018747645953
1127612116066865155
1127310916033421312
1126919760929800192
1126250426175762437
1175058520711913479
1175058517973245953
1192478988389830657
1192198180567433216
1107072947582316551
1107000943818743814
1106766536553975815
1106282540174884866
1106228656245035008
1105917170956058629
1105555916919898114
1105518824152018945
1105490913546121217
1180172061865644034
1179856238139580417
1179829057078415362
1179457987406118914
1120736129089703937
1120465913344610304
1120427386032541707
1119801709201633280
1119713904756707328
1097187676174860289
1096799593239597056
1096564380857233408
1096536938700591104
1096233252996739072
1096191734260920320
1096088262744203264
1095765904451928065
1095085910201434113
1163887751919525888
1113923599470092289
1113923598945804288
1113845750138646529
1255627197655789568
1255322351568334851
1254505958992207872
1143638198612086784
1143571835965100032
1143278432186437639
1142186183918784520
1141460959661305857
1236355181219950592
1147519284865830913
1148639358993477632
1168990400885022724
1167470686073307137
1167470684957626368
1167470681681874945
1167470680557768704
1167470678083170304
1142619491785957376
1142236988449480704
1142186183159664640
1141105756713955328
1116874828257083395
1116754614475530240
1115757484701028352
1114880438923821056
1114678109977096194
1114583666015993859
1114306225515184129
1113923603295346690
1113905923175612416
1113459742972813317
1253449011492794369
1253431036790181889
1115651577522552833
1115632477387796481
1255975010705051650
1181225220297936901
1180146371917168640
1167470668402704384
1167470664581701632
1166882263373504517
1094379488438353925
1093634915315400704
1093234295471259648
1092817010545905664
1092527234508828672
1125160200888049664
1123977828444168192
1211349758670884864
1210993520011436033
1125808289898487809
1125820813167472645
1125820636964765696
1117472596537368579
1116874826826887170
1116354430759251968
1116036086415929345
1148639363502411776
1148639359710769152
1094101811286421505
1093551738760634369
1092894710358855682
1092558466500173825
1101886973529198593
1101603735648776192
1100830058233634817
1100557684879908864
1100541015071576064
1100442907302088711
1100219289045532677
1100125702643437568
1101242401975353345
1218637485120638983
1218268177542590464
1217875915964850176
1250524828274249728
1250194210784972801
1248802146876874752
1140638610972127232
1138867780902670336
1111346890178740225
1113216307334393856
1112874932692766721
1189316820974653447
1188626237423439872
1188509654151770112
1187482451448389641
1187186219211472896
1187057587168124928
1228460956038189057
1228460947326500864
1228416273408823297
1228412321321582601
1228411910434979843
1228350649760387074
1153797063139717121
1153797061902422016
1153721333697654784
1152972272862420993
1152019243300315137
1151631541438730240
1212881063661441024
1238974356509908992
1238147835859779584
1152972274091397120
1152972270933032963
1143637027033890816
1143635098534862848
1143232436932894720
1142236942597316609
1196887179148038146
1196467610910629889
1196306910091366401
1196107899577282561
1196107894506299393
1195058042951413760
1194985590149799940
1250547178935914502
1255575328564621312
1255340275234463744
1253497430487764993
1239975210465423364
1238563902629253124
1238548080162746369
1238478234615939072
1221846222601846784
1170471305281495040
1222653010842656768
1221846223361138688
1220735054319583233
1220534806901067776
1220093177371283456
1224794211184205825
1224778521605738496
1223603722766471169
1223349976245456898
1223316599110807553
1223316598133534720
1223079079966138368
1222969464649670656
1171832478409076736
1171539789193142272
1125585879668600833
1124364476189478913
1123766887303847939
1237364694219972611
1235959939878830080
1126122394568003584
1125809096660267011
1124380729503305728
1123671910674464769
1123669035504340998
1211431554007744512
1151290632524238849
1150856305340493825
1150844359362916353
1150497527403360259
1149773604948709378
1149773207215456256
1135696795277897735
1135696647864889347
1135304235514548224
1134852609930608640
1134461928066244608
1134262294991577088
1248265797023170562
1247611503659880450
1247318216583589889
1247304432854937600
1247280632323026945
1246658652834074624
1201620880918495233
1200439509671981056
1200082964698292224
1163887750841606145
1181225219052183552
1179881526349221890
1179829047804780544
1179476800902184972
1204588101932388352
1204578719005675520
1203868513397608448
1235331100697862145
1234526435186028544
1222207125390340100
1199134476938489856
1197909106067148800
1197280229066264576
1197280073717633032
1247613158124130304
1246199785348050946
1245789607465279490
1245774361061187585
1235331103197720576
1234934019797721090
1233569705358745600
1233540408824750081
1229842113539559424
1229146987385311232
1228517168423358464
1228412322529652737
1228386313709244416
1123376905514885120
1123254664131170310
1123233205904134144
1122955966176165888
1121508248794824706
1121109940339380225
1153775129173909504
1153721334704328705
1153721329629237249
1153721323350319105
1153721322280771585
1153443718244048896
1153397960719458310
1152319903531225096
1199044541157916672
1197280074556477444
1196887179978592257
1196107900919406605
1195200905513226240
1196592381811924994
1196107898348343299
1195106501280616448
1245431272886788097
1245094190238830599
1243542871648751618
1125960738642759681
1099835003779903489
1099777369429155840
1099416640289234948
1098041977520693249
1097248857443000321
1111802005922766848
1111795028819619845
1111746802489966600
1111369175077961729
1187837095794094083
1187754199846735873
1187177941177917440
1187068666485104640
1220800652802240513
1220730738687037441
1235208037486546944
1234619662459162625
1234558009927503872
1232809631883386883
1117484228084678656
1116403862066352128
1116096771330072583
1116049180902948865
1116048251935916032
1196107902186078208
1104157080058036225
1104074835683102722
1103768287714963458
1203041093463560199
1202364232278392832
1202203115216343040
1168018035577221120
1167472279703314432
1167470676027957248
1167470674853498880
1167133846816448512
1166882265856479232
1184194994183311364
1183420128899276802
1183072124694618112
1183072122773659648
1182819480235397120
1182432129780736000
1182048859951894530
1182048857322135552
1173657739433861120
1171869324803543040
1258064070210658306
1256285141103710208
1255897258421366784
1191867966649982976
1191813284682440704
1191791502713851904
1191406802874839040
1189685168644280320
1189685166400319489
1189577946819891200
1186690415094910978
1185335025056845824
1184858200039931910
1097244116470165506
1097201570800914433
1097187675495378949
1096564380039294976
1096536938121707521
1095742196270157831
1155930125436772352
1154824612854882305
1153797066742648832
1150789622865321985
1150242679017693184
1149768121093447686
1149757874991783936
1233540008012910593
1181704190646800384
1180658736609857542
1179476802999373829
1179476801980129283
1140791673225654272
1194004929876307976
1194004920598437888
1193016951594979328
1120407268384702466
1106349654839562241
1106318114596311040
1106037855002988544
1105819343164792834
1105613978275844096
1105517977477308416
1105302493901320192
1130945674755887105
1130835989755244544
1130593376330493952
1130593375525232640
1129423998826287107
1129413672802115584
1129203606211768321
1129090578543730689
1128761520324784133
1125952727702437888
1125921899203186689
1245747411483594753
1245747408077836291
1245478960911319047
1245478958059204610
1245000711701757952
1244698252609499136
1244631891560534016
1243191469294465026
1125782415459463168
1125479255167651841
1124040673529929729
1124012644241899521
1123940393211584512
1123705789007450112
1088666157165375488
1088622934762156033
1088149173554286592
1086092919575113728
1085304266506547200
1083483808186466304
1082850555465216002
1082824424519278593
1146165556405571587
1144973965728915456
1143936523362021378
1227776249378025474
1227315056381173760
1226917076402671616
1225926679576612864
1225617276663160833
1225617273714618369
1225543289731997700
1225156858274615296
1109867527583252482
1108464657902260233
1108061340009201664
1107461556747624450
1107420681841635329
1207147676288081920
1205262960844845056
1204832819421339648
1166504124755537920
1166201726598172673
1165314744586313728
1165058630116233216
1091108356205543426
1091108152836321281
1090003468918710272
1233125289414340613
1222606311961038848
1221135897346764800
1155983736221003779
1209869967681708032
1209266885864374273
1209190472255709184
1208527032809902080
1208165480109953024
1207679811021418496
1207670886037413888
1207670883386572802
1174057185493561345
1173634988195090433
1174368652805779456
1171832486877417480
1196861507797241857
1196467609312649218
1196107897161371649
1195146474239213573
1195106500236193792
1195017390490292226
1194374637389590528
1165471438859489280
1165471428080046080
1165103693483479042
1164961012920934400
1164914661034209280
1164900765506441218
1164384191087177729
1164324519948849152
1163887752968134659
1227727663382618113
1225916951962292228
1225617275723636737
1225520678495031298
1225500957431259138
1159565090045276172
1159324143877263361
1109156245464862720
1207100481950175232
1206347779171332096
1205536615910846464
1186744301570658304
1186331624352419841
1185410910262878209
1185346368421945344
1184920615867899911
1184859643316789254
1205213393948413958
1204915612964786176
1123232979575353344
1122951045439733760
1122255411179085824
1122222598438490112
1120865351913418752
1131608733744795649
1154971252270010374
1154940823630426113
1154939824874446849
1154517115317161984
1209266887995080704
1208540533456560128
1208165480848076803
1208039708095238145
1207468198184001538
1207670881222303750
1166504126647132160
1165103451358953472
1130917806814441475
1130491679809724417
1129497825379639296
1129487077652013056
1129133210917572626
1129090584604553217
1129023518916714496
1145795495459250177
1143884914699452416
1172602142529601536
1088499858984583168
1087415068004884482
1086759887017820160
1086062712126345217
1085921573129854976
1085184335425167360
1083526932409520128
1083497855975858176
1082738660762664961
1082051213997367296
1185333080082526208
1185200684687343616
1184858558569029633
1184857261950324736
1184475893458178050
1132021670942781440
1227315175092555782
1226257374878539779
1225872513953083393
1225556018144387074
1225556016596766721
1225500958869860354
1187021985219526659
1186744300492771329
1186402692366786561
1186331625090637825
1185360743086067713
1184857913367695361
1184819175866417152
1184549835208306689
1184530977714069510
1187021984355553280
1203868515347943424
1203041098303778817
1091892218862944256
1090703436688117760
1090399272342880256
1090298862202441728
1089598136761442304
1174368653879455744
1173634987352109060
1173302229631213568
1172601149280727040
1174057184193368066
1109867863727398916
1109191184575008768
1108851732329553920
1108764706775465984
1108517626551193605
1108440957622603776
1108108889554333697
1092147199658606592
1090749568071933953
1204803478188630016
1202732019240898560
1202358584442589186
1205262960081473536
1205221336798220288
1204832818678960128
1130860984724283392
1160653158361763840
1130567793647202310
1129572938678710279
1129488403119202306
1129413673750007810
1128819487422255104
1128726646482194435
1133103902356905989
1132018311347286016
1144317423065227265
1143990244993392645
1089301494413840384
1088591680159154177
1088116800771014656
1087935498629382144
1087011703441801216
1086311646262448128
1085673393502986240
1085184259134902279
1084973732110712834
1084955367296196608
1083779259733299201
1081979479696855041
1081621909413003266
1081322908671201283
1166504122851348481
1164998368269152257
1164913967116034049
1164902646974693376
1164324519160320000
1131608735854542854
1133073725228756998
1131608738534690816
1091108774973190144
1091107901303853061
1091038597992665088
1090640494063992832
1133070985815576581
1131955671681982464
1131635790595928065
1131608737523884032
1131608735179259904
1131608734432747521
1131608733119930371
1131292205375787013
1131023939600343041
1131608736676687873
1090368640732614658
1159218932965892098
1158780402988933121
1205629828453617669
1205263079484919809
1205262959217434624
1204915612222394368
1204803479644061696
1205263081099726849
1109909051616493569
1109870036062269441
1109287475745312769
1109186384068255744
1108851358327660544
1108786478518362112
1108526400066195456
1108474084499824642
1109143538686717952
1108734799466975232
1108401187827707904
1107737656207835136
1205629827090436097
1130889201455685633
1130860994077646848
1129442963891904512
1129030459827138560
1128766898101981184
1128710553147453440
1144280386501042176
1154517121973383169
1154448929351753729
