1199388178291011586
1197910306565115910
1197589922116448256
1123015114431631360
1123010386180169728
1194630177151602691
1199730854374723585
1199388160133943296
1197910307395588097
1197910305428381696
1197223168756396032
1123568603322888195
1123316413488300032
1123275226891137025
1123230411415609344
1122922714006732800
1122222027782414341
1121891760962248707
1121877503906320385
1121786575535386625
1171523740527497221
1171510321724313600
1171471489297567744
1171468462549454851
1169367585152016385
1169361756956889090
1250820804847206400
1250820111256227848
1250530101470601217
1250530098249453573
1249814373381611520
1249779461769347072
1248644113983066112
1248627641042731008
1248370102778675201
1154156805255307267
1181295908706750465
1181186211312001024
1180830065421979650
1180244622012026880
1180202023494574080
1179501694138208257
1149672306844639235
1149672306085679104
1149059898770108416
1106664070927826944
1106652879132282880
1105511391434326018
1105424329246945281
1105221839293505536
1140706232581402627
1139189736990478338
1138520926344175616
1149755595098079236
1197223171029635073
1123586136033636352
1120389996115038209
1135980803018698754
1135549476905656321
1134211589576544256
1148714638202343425
1148658271693299713
1148609095605395456
1148589721821569025
1147137919863394304
1143543556914782209
1227680946121592845
1227617597245362176
1225886215599280128
1207453208039370752
1088188863120592896
1087570631430942720
1085395829169577984
1085189403180359680
1081561004981534726
1080890596586332160
1142152344534159361
1141716526745210881
1141705097661026306
1141471954093912064
1099400919496773633
1098958192376188929
1255212352158433280
1254888585280606214
1254866741991297029
1254847321550000129
1254826393025810433
1254105628433362944
1253800309027229697
1253433835158532097
1115971160167145473
1115677093235445760
1115677091327094786
1115395100257980416
1115041698122543105
1166707794965356545
1166380097877626880
1161323025414815744
1158800775616901120
1180240020164272128
1180189652931825676
1179504770949767171
1189276860863205376
1189260602562240512
1189241680328822784
1189240850901012480
1188966779021869057
1188952214007681025
1187787602369437696
1187779252969754624
1187755941644636160
1187461229402611712
1151250154210693123
1150853103069081600
1150838540739272709
1150072396579135489
1149783567913934850
1149774310145515521
1149068745807204352
1137373711454093317
1137101927068590081
1136992660990943232
1136323261611032576
1136323260952535041
1158779335563759621
1148680032287637504
1146809507902889988
1138434209318674433
1136726592577789952
1136323262240178176
1143507039802576896
1143180571851538435
1158375225052078081
1158077038558875648
1157332253770473472
1157033518754611201
1156682988148723712
1156625024914198532
1128400225662533632
1127582625399488512
1127264637341306881
1126480630664040448
1126253781375705088
1087570463411318785
1085633613629177856
1085550412223127552
1085207048210522112
1084839289375084544
1080912012719411201
1258142421562638336
1258134801036587008
1257374909686263813
1256286174936776708
1255938722543005696
1255927760708657152
1255606100424089605
1250806831808741378
1250544428495691776
1250148211236442119
1250148208392769541
1249759795764232192
1249116630333915137
1248332377958633475
1248332376587059200
1255564996320378880
1253425014075883521
1115713154305155073
1115658304557146113
1115610757159374848
1115397136571564033
1111348097999949827
1111252432888172544
1110711900852109313
1110593758159138816
1110239908856238080
1158779326961262593
1157668085408702464
1156932380432752641
1156682977419649026
1250807854849830914
1250516212813045761
1250135892607590408
1249803540496818176
1249789454094647298
1248355004827734016
1248351643806191616
1248347452652097561
1248321283017883650
1181604546541494274
1181604545685839873
1180480521337495568
1180480520054038528
1180242809942679553
1180171724253474816
1180124161290559488
1180105292094132229
1148658262490910720
1148658261719232513
1147954756180205571
1147537534441988096
1149087653616390144
1143592325102411776
1142108702444593153
1194630266486018050
1194388624348987393
1193939812140691456
1116455591671681025
1116336398485864448
1171793433217896448
1171526151648362497
1171484016773480450
1171483791006654465
1169361760555556864
1175136223729455104
1174793571280576512
1174427219541864450
1224806454105989120
1224112430273441793
1222970345671536641
1222970340864864257
1106696515945484288
1106283269811781638
1105929998358192128
1105880220295446536
1105481156219285505
1237860081443586049
1237828231543259136
1237808563860451334
1237450265550299137
1237449161684979712
1237385683624505344
1237376542868717568
1237029395933560834
1236054787369701376
1141085181702475776
1140720857251295232
1140720850703982592
1139231721499611138
1151225545142616064
1151206546472341505
1150869812681293824
1150755579083800576
1149438261665902592
1149344613272100864
1148987441119977473
1201938800093646851
1200450455589007361
1190320095202955264
1190311201663836160
1189660487941799943
1164210017349881857
1162023643871715328
1161759913451950081
1161742033519820800
1136034663309484032
1136023767946268673
1136022564009107457
1103271717990998016
1102933664755867649
1135675025414135808
1134497263957479424
1134458045889753089
1125853548145774593
1125516554072932352
1124749289564069891
1124365965427396615
1123962436619505665
1128378001840857088
1127582630600425479
1126942886791131139
1126878466522210304
1179512127867850752
1126548859226927105
1179504541823373315
1126227776598675457
1126224473810702336
1179501699679100930
1102701878440325126
1102701877857304577
1150869811938975745
1149782694542434305
1149672307977154560
1149292258753220608
1258126273815154691
1257789816047120392
1257760483215540225
1257714388561248257
1257422329702989824
1255927762738720775
1191410022498127872
1191023377315749889
1190360985762193412
1189944399096102915
1163162878700130309
1163138566081396741
1162004012570308608
1161742034518052866
1210592211806687232
1093182666206261248
1093003561229828101
1092996219662684160
1092923107768262656
1092922957058531329
1092880918459674627
1184230074607964160
1184218842001760256
1184206778147454976
1182704002024329216
1237832830257958919
1237424894662414336
1237410333184208896
1237078291179278337
1237053029779636224
1232425445284601856
1232397332907544576
1232392982214725634
1103714296167579650
1102694638857670657
1177692834280947712
1177692787971678213
1177350994671411200
1213572774972792832
1213270450664615938
1242857460127408134
1242521913882263553
1242149350505091073
1242145142695440396
1241853558322081792
1241492275907133444
1241484497650102274
1241086682503565312
1241079323018354688
1240731158037647360
1220071044758765571
1220071043836059648
1178767011964489728
1177694400471797762
1177632864621473793
1177632863770034177
1177350992968519687
1177231949036949505
1245395511059890177
1245109431081340929
1245065767911075845
1177643832302850048
1177643820009377793
1177274132922294272
1247924666523627520
1247631664462925825
1247315346387865600
1247247550584889347
1246953497209290752
1246176899149303808
1246156011578277892
1245835822013825025
1245797764916748288
1232317242362208256
1232030661806088192
1104139816151719938
1104017890561409024
1103735493337014277
1103627942708559872
1103337579250962432
1103075116337033216
1103029622747353088
1103029621929492481
1102970981663031297
1192079979284193280
1189612832284987395
1189603518644211712
1189596318475456512
1125731296427368448
1124046565843394560
1123935989565669377
1241766841833455623
1217451795628351488
1217167516314804229
1217154472977354758
1217152708450430983
1215041699057197057
1214641728747196416
1247568915980529676
1247315344508751872
1246133472315478023
1246133471036260352
1246107006748024833
1245108609748537344
1244772671272947715
1244682510078009345
1243962484450627584
1243619052137955328
1243306028130803713
1243241695782866945
1247952439850020869
1247665066931032064
1246861452906041351
1245771444694528007
1231991734642585600
1245427974310068228
1245399038092021761
1245094351073673217
1245081253428297728
1245070608465100801
1244980767547166720
1244772966463950848
1244624512668381186
1243529047633727489
1243308456423063553
1243308450764984323
1243194749202452481
1178698017249075201
1177687031612411906
1177669547433824256
1177350993790603265
1177321053183496193
1247239463295692801
1245833289476104192
1245795461132357632
1245778561425956867
1231973468398333952
1230247938317783040
1104386527126319104
1103371030947684355
1103294951956332544
1214635907258757121
1214253555751833601
1213576957939597313
1212875643630825474
1118261591370358786
1184176816313032711
1184107926723747840
1183360660589207552
1183067166620319744
1182771229515812864
1182055591256248322
1247890796570742786
1247625414371090434
1247601165069692928
1247584671493488648
1247573135576182786
1245833286552702977
1245816717537935361
1245771442886709248
1245410604224933888
1245065764496977930
1244702936908906498
1243938502687051776
1243539421011607555
1243308453914910721
1177713707629105152
1177643827206787083
1177351992580202497
1176883068898107393
1117924863660965900
1117238615350882304
1243171432173092865
1242881435696017408
1242876892547604481
1242862613173846019
1242556798730530816
1242167230214832134
1242166043415580674
1242154908482179078
1241520718266990597
1241492280390889474
1241492278088171520
1241472092752707586
1241076497416413185
1241071156830093313
1240735708245041153
1242916870795210755
1242534159039553538
1242522673357479936
1241853069069111297
1241486336743350272
1241169259566436353
1241076499509362690
1215744871815897088
1215041697597607936
1116736292040138754
1242890103061721088
1242860169337372673
1217455144251613185
1217187679051354114
1128389167266893826
1126932018816851969
1126591425792049152
1093182897803182080
1092926887893053441
1092884013096812546
1218990634998157318
1217526021920083973
1214635908210864130
1096494637651509251
1240675883503038464
1240394474456526848
1240307903116062720
1240307899332726790
1240271015516798976
1239973645406982144
1239674406097629185
1239668060111474689
1239303666605207552
1238581653376765952
1238580552455852033
1238485279020900353
1238485276944740353
1237448975092977664
1237378464438792193
1237082408157143041
1235672609787801600
1235671944994881539
1235661174911512579
1235627313963978752
1235626988297056257
1232397334249705473
1232317241208852481
1232317240135036928
1231296660023709697
1138520924750340096
1138486209083297793
1138431502860070912
1138217684775165953
1138207462987837440
1137048583264452609
1157334499866435584
1157049651692019712
1156652248589639680
1171451686163861505
1171412750414876672
1171185529393766401
1169648583215386624
1169361763457994754
1240300040377204738
1240019902540505088
1243185719666978816
1242917602969739266
1242181900262916096
1242179654741524482
1242145451459125254
1241760043000872961
1241140144847151105
1241044153447874562
1240707357467791360
1240707354573688832
1240684317522759680
1220093515901874187
1258444311764631560
1258142422514765824
1257761025870397443
1257750232084987908
1256267217508929537
1255945139907936257
1117565099382845441
1117477024719953921
1116770924123099136
1116475252815671306
1189260603677954049
1188966776505360385
1188952301626712064
1187804915613212672
1187461227636776960
1187124989826347008
1168549482616803328
1168220859644940288
1167529237357760513
1209135786047803393
1240382793881960448
1240377396248838151
1240365704441999360
1240313538067005440
1239937808640495618
1239706531555352578
1239697661969776642
1238583415810732032
1238255243789570048
1238187022386442240
1238173108877635596
1238172870381051910
1194655182807871495
1194605678154977280
1194357035363717123
1193939813575069696
1193939811008167938
1193662690671112193
1193532289680117761
1192829005914890241
1192534697609515014
1126599852136259584
1126573805718126593
1126237070127718401
1255940205686730757
1209629726060494848
1176876722513485830
1176876719778742274
1176636278961508352
1176636277229268993
1176133704164487169
1174816345252335616
1174398955448352769
1225117413768941575
1224819881759191040
1159824345402920965
1237829068176994306
1237506501444501504
1255167302728855560
1254811507172552709
1253800451432218629
1253772573734772736
1115978696916111361
1115971073743491072
1115938986265071616
1115739322160959488
1115650577374035969
1115406282016600064
1217899602143338496
1217889446990925826
1111348096766799872
1110615959050600449
1110543396828049409
1110539883347619840
1113145558317846528
1111743872332378113
1100842537340846081
1100816434836504580
1100467727980990464
1100394854507573250
1153759649419747329
1229889054361165824
1228413339556028416
1228366880043339777
1228022884540592129
1154388607416897537
1154104388895563777
1154031112357851141
1113064759157493760
1152609672429473792
1151999722166484992
1230183675045797891
1228409016793124864
1228354226146959361
1228080155102515200
1228050496390389766
1153737457277517824
1153335141596459008
1151937816668123136
1153663104963829760
1153317027202949120
1151999726948012033
1194347899926327299
1193939814699225095
1193939806377664512
1192199368885047301
1152305431450193921
1187464825204543488
1187139729608921088
1234943338337488896
1234942302201753600
1234577017200369670
1233872678198616064
1233864178072530945
1233507614501285892
1233438568720355329
1233438567453675521
1233438565641707520
1233136318550618112
1168528153427554305
1166822247685918721
1096101841098674176
1095479876843438080
1117894772235042818
1176241827676131329
1174816346191929345
1174399706807619584
1225115976317964293
1224819878403747840
1224806455871754240
1224721721787371521
1224434927501856769
1224112428797120518
1223652228881436672
1223246859763961856
1223003721833033728
1140720857976905730
1140284339395190784
1139252684568047617
1219674624222515201
1219277021114773505
1217543180712914945
1217525813056278528
1106262910727278593
1106258226792882176
1106175748115714050
1141329168409530368
1141110496873058304
1138884392280047616
1143625233464745984
1143592323776942081
1143274461464006656
1141490447887585281
1141404757652889601
1141369768039129091
1202017034747416583
1147232165563908096
1239702829461274624
1239689423966605313
1239674187347787779
1239658840855117824
1239655289110106112
1239655047786565632
1239655046930931714
1239305410391298049
1238582356635553792
1238176874905374720
1245439036786913285
1244695191971381248
1244681608583680002
1243619056839786496
1243591244980289539
1243591201271447555
1243529049072418816
1243242696489271296
1135591949250060288
1135549477865963520
1134595861676273665
1240364835411496961
1240300901262336000
1167529729219543047
1202001349908545536
1202001347899465730
1201983043751288834
1201938816057171968
1201925592540729344
1201583695305543680
1210592213379485696
1094391096921210880
1094285050244419584
1093577742925418504
1093223028748627977
1092996398042234880
1092924445033984002
1235307531825709056
1235214459020472323
1234851932939988994
1233511956700680193
1117496541483347968
1115998199779614722
1253006028779794438
1252659487007281152
1252021848235278336
1251637068637384704
1251203733398134784
1250835023927873538
1163162881229283328
1162393580914319362
1161759907638591491
1217194654233518080
1217167512875470850
1215379140687400960
1184210589159186440
1183023225430822913
1182717499143409665
1182704009431396353
1182292202107613192
1240678656839684096
1240393437674975232
1239973888051695616
1238617086273994754
1238562068850237441
1238204368152821766
1238165900190244866
1143250646424051712
1142108728130441221
1141421049256525828
1212025626137202690
1100437807510769670
1100180057883140097
1250171377434472451
1250157044730036227
1249812266138165254
1249779610331557888
1249119889845084162
1248663430908821510
1237760804499402753
1237449939749425154
1237190897122541569
1236088171932286976
1236054786128179202
1236052226919014401
1236028001294393345
1199466554234195968
1199388157957038080
1197316437485985792
1196935380530012167
1152609669166379008
1151999732421517313
1151868311623409664
1151868309392035841
1123354287701143552
1123349525681385472
1123298398176673798
1123289469652819968
1122999811974811648
1122934876863455232
1121423811189059585
1230183665973551104
1228399527427739654
1228065659948589056
1228050495434035200
1111280238808522755
1111016352939151362
1110615973722243073
1110593756779155456
1189299479108870145
1188952300775194630
1188952299059716097
1188898056957284360
1187779255436021760
1187779254047707136
1187755942928097280
1187453006213779457
1187124988635242496
1187124629548220423
1187111591088738305
1213576961295032321
1212905678760755201
1164188252015927296
1163901391649300482
1171763097561903104
1171483436164374530
1171457051391909888
1171412751631212544
1170371656281481216
1169648576252850178
1169361472167788544
1169320450117296128
1153797252315353089
1153663223851364352
1153631135123083265
1153355274050125824
1152305441017405447
1152286282946699264
1151893241593311234
1151868312315449344
1151868310906163200
1151868310134411264
1229888168897515520
1229831743101919234
1229422736063303683
1228686831174242304
1228434993359343618
1228028776652603393
1253013327124541441
1252989995503230978
1252729679775174656
1252618610641600512
1251891954260025345
1251218339403350017
1251218337360744456
1250885256850350080
1163481303540543488
1115976776893775872
1115974652248170502
1115699201835458560
1115588337631412224
1113588943595933697
1113486809076588545
1258427648113627136
1258117886226423810
1257719539644747779
1257376448437985282
1257352856946032641
1256319350249791494
1256267216321777665
1200474507590287360
1200074369130610688
1255576028430417920
1255576026383634432
1255182233041854464
1254846128706772992
1254440097769861125
1253769241683275778
1253764369617489920
1094287288534732801
1092996322091810817
1092874408107147264
1234877325134700544
1234148673497505793
1233099000909369344
1184931260717776898
1184931182074572805
1184928402622636033
1184599714630647808
1096494532718481408
1095475322009587712
1095393963903799296
1095385491317448705
1095053374863695874
1095051135763787776
1253361252472102912
1253072266671394817
1253045910642348032
1253028338177843202
1253013325681745922
1252627708829458433
1252608571126284294
1251910932374192130
1251880783645749253
1251614359194865665
1251292287721779200
1251232964760997893
1222561319402004480
1222244961657278468
1222194018316169222
1221888212110581762
1221836479250472971
1220829825016963072
1220825282497650688
1196893349619404800
1195399101350891520
1195098294453702657
1118581693349269504
1098959531512684544
1098957519651782656
1222906384909512704
1222677480575840256
1222617669549031424
1222194017364008963
1222166111363502087
1221798765478023168
1220829416160473088
1196851233123917824
1194734798608240641
1194734797085691904
1194655184540098560
1096522076817625088
1099400916296495104
1137076424379129856
1137048578067709954
1136713822667005952
1136693415150858242
1136324155840901121
1136323262890332162
1195444850386227202
1113159881073324033
1113080551160807429
1113067634545717248
1112025685789429761
1195121385753972737
1195099420381122560
1204524804474310656
1203008399409070083
1202707870556573697
1202691252900286465
1184931257253351435
1184590024647565313
1104436235878178821
1103764443463380994
1103371029706145792
1103279618801500160
1100858745180090368
1240330612336218115
1239938155576528896
1238819670280376327
1238175567217856513
1238057455491350528
1187005468637569024
1186394225656467457
1185270184099139584
1184931262366134278
1184931259472138248
1168906036100702208
1184184601461362689
1183067164854673413
1183063943184572417
1182756926704246786
1182704011092418565
1182287961200713728
1182287463592665088
1182032369777364997
1181921000717475841
1219703962359730177
1154414343305519104
1125778105182883840
1125530989495758849
1124063592012296221
1124022834148278272
1123691412887932934
1123649612894613504
1104037721977376768
1103730441054502913
1103065821679665152
1219682365963952130
1217561676440055809
1096128759940427778
1096098518815657990
1194680127470346241
1194680126132371456
1253352100622368768
1252608572233564160
1251926031876812800
1251617049798938628
1222677486397546497
1222522557598961666
1222287693553590272
1222240061556776963
1221915786345766913
1193939809649283074
1192870996895776768
1192858436884668421
1176876717098639361
1176636283457875969
1176636274792456192
1176201912032595968
1174656048617201666
1174398954219458560
1174398952436879361
1174386752305471488
1224866895456882688
1224841161057144832
1224806455066472448
1224798143906295809
1224460172908732417
1224339795650007041
1223382002885328897
1222970343993810945
1130970166890848256
1130888855211708416
1129089685312200704
1139220037456338945
1105898955571949570
1105530671819296774
1235307004887011331
1234956180415483904
1234888066684407808
1233120014292615168
1232766192257028096
1184931183504875520
1184590026811805696
1184590025725493248
1184567197982777346
1227739655644295174
1225914241871380481
1225541422893457410
1225504590713511939
1225117421675196416
1088542652763701249
1084845502636703745
1084842140990095361
1084187968041029632
1084187921962491904
1083502167363706880
1083169697099669505
1080997169501519873
1080953779510538240
1080887850034479105
1080880963687714816
1080828053348122625
1129174623659147265
1128650407734054914
1145788720727121921
1143982904663523329
1191766076738150400
1191766032882524160
1191764282947579904
1191466939576705024
1189660283335249922
1189578267734491143
1156578500129775617
1154768610449068038
1154135151808581633
1090970533238321154
1090707469050040320
1090660761083527169
1090415030284230656
1222597206898855936
1174059913842167809
1174012351361769477
1174012347964370950
1166707796089479168
1164944758806142981
1164598609591111680
1164544328057991168
1196534243041656833
1195399099937366016
1195399097324384256
1194734799900024832
1087572002293104640
1085982356714991616
1083168682631675904
1081561720311767040
1081254441704189956
1081022122355507200
1080891051748065281
1080880490339622913
1222539543372554242
1222194019134070786
1220829826174636038
1220093522889625601
1225477232422006784
1082109594036563969
1125040406155153408
1124316997569871874
1123983299846840321
1123959083013496832
1123716684156755968
1123694249894084609
1099400920692072448
1099055888785133568
1098960897161289729
1098960755993559041
1098957726695215104
1098957626250018818
1091818567958433795
1090705920202543104
1090660839265390592
1090285942974369792
1207391303958487041
1161306306315214848
1161298056085680130
1160933789515862016
1160933778958761985
1131226408150339584
1199466552782966784
1197910308188250112
1197561288827850754
1133056748179394561
1207320430018732033
1207320429041520640
1207068008260276226
1207060220184281089
1206709136777469953
1205563923623231491
1205192561238913026
1204880701289615360
1204880699393806336
1204873055383818241
1204849664744394753
1204839244210024448
1204779062679474177
1130843529155153920
1129372672192864257
1187005653312774144
1186769925047832576
1186285962621607942
1185247258842939393
1174012355115532289
1172208818916417537
1171849200755191809
1156581303518728194
1154104387998035968
1166441653273542656
1166367034709594117
1166348099104792576
1164944754779525120
1164626881573982208
1164243351006322690
1164210586764423168
1156246738900045824
1145697518627500034
1143982907356319744
1166348101025710080
1165985298993614853
1165053735581736967
1204527294976528384
1204508246670790656
1204507382828748801
1204109050725765121
1202366889009319936
1130630488220229633
1129120920499630080
1186767820576710661
1186755345970016261
1186341125776400385
1144300297801621504
1203011403675832320
1202723520964374528
1202699179165917185
1202691392704827394
1202328333305991168
1202017036152590338
1187046290565160960
1187005654134874112
1186739470642618374
1186329257808666626
1185270268060667904
1184937607215697930
1184822419678224384
1207728343547817985
1159869521349529600
1159578628818186249
1173985461347504131
1172219821808914434
1154501669348139012
1204779061324722178
1204508245110468609
1204508243122442243
1204149104995192840
1203016001157124096
1202700025492594689
1202367361493405697
1108802897016442880
1106696518340366338
1187023371168555009
1184230576318046208
1133478575917678596
1090660689180381184
1088833110920384512
1174059916165832704
1173940700410499080
1172495141627547649
1172177180782190594
1172151771323670528
1144238012089491456
1143639605247401984
1143979498632880129
1164335514201333761
1131582351711100929
1132052923062599680
1207320427921625089
1207023539326464001
1206709135749865475
1206665393429000193
1206646022199533568
1205162884336099328
1205138993538617344
1132292812102406145
1131348182141681664
1207046773878984704
1205558729753743360
1205162881890897920
1204880691860824066
1204873049197174784
1204849667395203072
1131652553941430272
1174000985573941248
1173959618667720704
1172507260721008641
1172215010258489346
1172177176256495616
1171813095796346880
1161364026686943234
1160950484074676226
1159242416119046144
1159242404404371456
1107757416165326848
1109453239102177280
1107732622506164226
1227707985193029634
1088106762790682624
1084453394264326158
1083167934439137280
1083116654870040576
1081570970190651392
1081561518418800641
1080892109744496641
1080880639044407296
1146130308384903168
1146126282943602688
1146097057570205696
1145777093957115912
1145763944839221248
1145733978781048833
1144701774881837059
1144701573232246785
1206961632120844290
1206646023411683338
1205542071752445953
1205233612993507332
1205138604340764673
1130982303243689984
1130951366707433472
1130843187914911744
1130829158865620993
1130829158131654656
1129028078150258689
1129012856660398081
1128779284552851456
1128742796020600834
