1131658736869806080
1131658735502405648
1132993524868222976
1131949742794170368
1131658734168526848
1131333436373970947
1131284014831161344
1244682896453120000
1243218244741279745
1139611920217063426
1098732295404617728
1098693400155561984
1097953833752428546
1097907452706729986
1099044792309374977
1123381278433259520
1247561528792023040
1247286485981843457
1246082436116762624
1245840607999709187
1245816961092771840
1130935578416037888
1130466269617119233
1130136781523959808
1130127726986354688
1151214552127823872
1238087007794081792
1237796433606172674
1237464974861230080
1246148223980523521
1246118098731765761
1207791797541507072
1207371943780982784
1151233040305283077
1151224735927115777
1151190031450726402
1099408069933654016
1098776299101929472
1242798648683003906
1242261632694341633
1242197638621134855
1242117301048094724
1242100063360385027
1208079357060829184
1207791769993334786
1181261386405597184
1189219085818695681
1238087009736036357
1100826320534233089
1100802648922562561
1100555855936872448
1100135007052533760
1130514507384741889
1130114818588008449
1130095733607161863
1129445879809757191
1129410540487487488
1129118007857434631
1128767608080224257
1131939157679460353
1130946330011033600
1099025598968725506
1098747637476610049
1098619267359084545
1121153621046046723
1121107854327414786
1242912944255533056
1242467492741525504
1241452713403170824
1240986506669494275
1240696734042316801
1101248622614712321
1100173670792785920
1099488134998487040
1181213916740894720
1189519436769828865
1189289332005322753
1188134823887605762
1187845700106764290
1187384776925368321
1187131039401074688
1130527474297630720
1130494174124498945
1129833631734796289
1129422746780409856
1128787917009301505
1128727720664477697
1238087012873371648
1237143962286202885
1235995243645984769
1235676785615892480
1114353388630761472
1113913659149963290
1113571107980836864
1113547946233143296
1209458706154262528
1207791771461341185
1207791568276643840
1207371945265815556
1122988045358260226
1122166259070775299
1121912492614139906
1191763545119186944
1189543227403231235
1187062647633657856
1094347604320813061
1093980697302306821
1093951079103021058
1093278208349425664
1093006974856376320
1093006970888613888
1092933604836024320
1114889044981354497
1114878797063577601
1113530308161413121
1094295391846191107
1093266062530019328
1114903859015630850
1123354231967297536
1123225422483869697
1122146661223096321
1121901287656890369
1121130397503504385
1101506582091833349
1101239151746342912
1101165370281545729
1100775213501952000
1130617309763125248
1130111324908916739
1129901021797474306
1129461766268887040
1129162256749670400
1129129230837669888
1099058097677570048
1209126365661937664
1207791932140916737
1096126553015103488
1095098306974363649
1244282878801989637
1238087011187253249
1237796432138113027
1235651010233843713
1208065624221667329
1242490701973241857
1242221877197778949
1242100143299727361
1241835674405347329
1241420092224741376
1241399054938013703
1241384023869607937
1241143189236580352
1241108707968245760
1240803167916433409
1093612623088750595
1093006973862400000
1093006972880855047
1092885954807894016
1092810715767943170
1092805387663953920
1092509797251981312
1179858826582999040
1115284138825797632
1114923598941237249
1189253217508642816
1151521419114795008
1151513778800005120
1151490924901543936
1149031924792512518
1163568064073490432
1163227068173340672
1162415481564913664
1246100223115628546
1245826412587757568
1245745607249182722
1114665964983980033
1113856182303825920
1190348181328015360
1190295432586551296
1189968210055041024
1189643856687587328
1189634891480256512
1242798649647812614
1242144697872723969
1181261385411497985
1115602814699356162
1114901471097700359
1109592443077443584
1109094389874339840
1139291094792003586
1139638479032336386
1139543811150024705
1139177880448131079
1133390710026248199
1131979308631810049
1131658738400681984
1131305696807608320
1139630709235208193
1138931011608293376
1138865483963412480
1096177600689590274
1094667318234365952
1191751010315853824
1191738571364950022
1093938970545786880
1093236234829352960
1093006971760971778
1092828923237462016
1092555024159436800
1163824852500959232
1163600733989744640
1179105326890733568
1114228389957787649
1114179710236463105
1113894694344364034
1096177709204602889
1095329976986095616
1115671688723730433
1115658861183209472
1114679424903987200
1163580871657558019
1243022326502952960
1133427365860843522
1217201491464859648
1216769327275356161
1215363617811464197
1177971972208238594
1177620350949036033
1177352664721645569
1193993383586476037
1193879800500441089
1192168632782131200
1258137002748370944
1255922001690181633
1120699748544020480
1204174760625750017
1204073399661793281
1202710247019884545
1202701819991994369
1202671528506200067
1219285122551287809
1217853774007545856
1196477249060515841
1195060726391545856
1194023129871462400
1193575165948506114
1192551601787088907
1192211079704842240
1192094493148880896
1118243417019113482
1116407010399006721
1197164663802388482
1227663199807459329
1200834941648539651
1136643801311797248
1245024810436112385
1243617057477996544
1138826465854853120
1138126309102620672
1136669000656728065
1178772668318994432
1118576960878333953
1172219574009417729
1116692709014687744
1163991151462010880
1163839287210717184
1162404696834891777
1138895443260313600
1138865377331617792
1109591567931793409
1108410934807138304
1171768146111488000
1169351195888095233
1166434965514420225
1166052458243792896
1173961409362825216
1095453414446809093
1095369658662834176
1095327160003428352
1094962692593516544
1103347750463303680
1103054019147300865
1149460106347765765
1149033134748590080
1108420504313057281
1108400178845962242
1194009703178735619
1192558174219505664
1192486575466319872
1192449570963443712
1192211076827549697
1116422770764730374
1179105324944547841
1178685512644730880
1193606850262032387
1192134865757626368
1103305195457560576
1103061764751745024
1171755089977139211
1171143770617856000
1166480781306294278
1166025217774428161
1165998651988221952
1164688459103162373
1164685966587629573
1164331525355266050
1169351197398118401
1164933199363002368
1164232066562756608
1164219747099189253
1218213030418358272
1217506098640576514
1194711522100035584
1135923929409884161
1134574827614982144
1215333536921784321
1215302183014621185
1174325866660339714
1173598831805681665
1172583188251721728
1135919451788926977
1215730663313367040
1109917105577697280
1108375561561432065
1215363616330932225
1171919536372817922
1171840233886892033
1103753638562983936
1101591432408850434
1164686023810584577
1235618480096866304
1235584230966640640
1233446123047616513
1194753139703996416
1194730202741530625
1194643085260730368
1257715137001259011
1171805866611412992
1171058498714710017
1170069141535023104
1165004862372884481
1164584939951722496
1257436367593889792
1256304357743759362
1255933303078752262
1204174761615642625
1202985799517659136
1214620693368889349
1212944251262308352
1111631556249075713
1111286107373817857
1110975165473701888
1109917107008008192
1103748148302958592
1103734931593854977
1240384297061810176
1240370473256587270
1240315638352052224
1240302816742211585
1240280641696120832
1240037086872457221
1239966683751567360
1239592413850750977
1238503080955650052
1238156370525945856
1128666504986353664
1126892705387356161
1196929568877232129
1196469575052877825
1194753459477778432
1194688291431419904
1258086130198679552
1257402346751102980
1204528724865114112
1219296779281170432
1203337168611151873
1202305179334381568
1217837414846210048
1217574962250354688
1220039813572722689
1232747620306739207
1230949505811517443
1144266588822130688
1144228051389169664
1143989403506921473
1258401584431747074
1258148460823486469
1257704598611075073
1257389794889543681
1257381487856553989
1256273891061837828
1255954318525706240
1255943046602149888
1203053790338994182
1202333148983508993
1219252008185671680
1138554753426821128
1138518607929982978
1135997827291762689
1196912850171772929
1195083025840844801
1195070788988215296
1194754089210568707
1194753253055053826
1194752927749029889
1217477373358215174
1158179011400519680
1157999451107135488
1157787354511360001
1120357947635380224
1119955659951366144
1119322471105216512
1227690171958800389
1253051099529064448
1253051097318653952
1251238049561882624
1253051098715303943
1252287981383286784
1212056937111707648
1209525393029394433
1126496046400581632
1126180132421554184
1116042055606841344
1115706815096983553
1197890440600727557
1126857603827601408
1126630184495529992
1126566757555146752
1126535230762946561
1126203703780872200
1235343273671168005
1235248671576535040
1234975706750148608
1234927180980858884
1234914243885117441
1233405722794373121
1233097346537398273
1233080031284514816
1095826551323664384
1095804332753240064
1095338489082572800
1156949142620520448
1201989696487919617
1201881347389833216
1200036618888871938
1252668834038845440
1252264445319020544
1250917925034360832
1214731870467964928
1214631961395892224
1212944249211248640
1136726200867598341
1136374418844901378
1252736952962633728
1252648026407088129
1252393806906810369
1255513374080864258
1255276967601090562
1253432474186641421
1197250488141524992
1197214165896716289
1197203333414637568
1201940669180321792
1200074871415422978
1199922869322563586
1199031316035121153
1145794076287143939
1213482188584476672
1212776211732140034
1197991495468490752
1197991493799165960
1182357466484490240
1182354700420747265
1182338742713044994
1182334638397759489
1227680911283687425
1226905477990227969
1255272421919199235
1253744660192866312
1253424772160950272
1235319596439261184
1235228543841255425
1234948044711514113
1234550362918526977
1233509644049448961
1233096060450504704
1254815512367947784
1254780014186266624
1253727358357561345
1255274370961981442
1255203613854576641
1255189393402462214
1253383634054262791
1253073817750114305
1214926894342246400
1214224498813276161
1255886869734330368
1255168704674963457
1253432472836075527
1197608651277656068
1182015168466882560
1202249103427743744
1201961078831357958
1229790629795913728
1228358801360859136
1234909882354192384
1233559005068505089
1233461304779792384
1144294333807550465
1144281157837774848
1144007089636937728
1186709973276987393
1185274729025941505
1185245833563922434
1185232564048551936
1184907650066239490
1184551744237441029
1214946661597896706
1212944250201096198
1212828800091852804
1212056936121798664
1210662890799292417
1143998358341791745
1221838633134645249
1181614937652826112
1254875736290320386
1253775291127865349
1253448911848722433
1154806642573287426
1227698033904799744
1155904670449262593
1221809359036002304
1220713033854382080
1128006111704043520
1126595750882942980
1126259520982982658
1232404831115128832
1231608825188319232
1230929157925855234
1228314467521441794
1186763949649420289
1111663595883057152
1088552722327134210
1088100983018831873
1087349357941309442
1086693384058744835
1083483944673308673
1083140358949818368
1083126012760735744
1082054915726422018
1080849371070193666
1224842644431548416
1086695199433211905
1085702017039978497
1083799352223649793
1083491646807904263
1083461665239298049
1081278238989651968
1258441761984335874
1156200137796071425
1154080477587935233
1228066448666505221
1182686999314141190
1182374823923736583
1182365279772430339
1182361004010852352
1182347119862145028
1230169738229243904
1228349988444557315
1186779985035563020
1184570055079747584
1183781600628281345
1185631838506749952
1184588444783251457
1151936899193479175
1151659142647603200
1151561003718627328
1091100315552833537
1090732732693532672
1090367408819232768
1123599187814375424
1225130810996678657
1224901384551718917
1223272159914668032
1223272152297852929
1156200139821895680
1154826799240699906
1154419074115522560
1222186958157418496
1220759209144475648
1220374216308150273
1125407492199067648
1124025898485846016
1113122100942962688
1142133177487646721
1141841634117767173
1141752764697067525
1111355131189182464
1111012377707929603
1111003152604717057
1110603985487126528
1250419495421779968
1250151823631056897
1250070886444662791
1240654622706057218
1240401468420694016
1240326823751438339
1240310537956864003
1240304482573049856
1240073886286467072
1239592418678276096
1239592415293472769
1239592411719962624
1176887203106045967
1176881422541500428
1176619516215926785
1167538306277662723
1167472261927862272
1166906334505103360
1166879885328928768
1219434015310086146
1206722213455507457
1206623286282600450
1205502317040209920
1204888157990379520
1161347634696728584
1153404957804175365
1152243486663630848
1152208790986604544
1151950999520718848
1151931210446381057
1167072863892848642
1166777466603606016
1166771453120798721
1166722629006286848
1091413843941703681
1091380632595369989
1090276153741328384
1089983308786778114
1089930776106422272
1089908621515939841
1207018837587234817
1207002506435481600
1206607189810565123
1205550967158169600
1205185151988387840
1204846461999034368
1204787290909884423
1106631261857157120
1105962076252585984
1105643168542978049
1105478873284780035
1161637239509700609
1158410117899067392
1168991812440207360
1206343743751766020
1205559780322004992
1205222920651493381
1205219935586279425
1205218794643316736
1175035762070495233
1174782816430804998
1174752678016180224
1105961933860204549
1105556269526667265
1105486894236946433
1159179560669392907
1169266498042572800
1168528398785949696
1148644209332822017
1146800487863373832
1146130830571581440
1176261740004282369
1143575666811645953
1143277248897855489
1141753618812547072
1207018762383347712
1206722412332683264
1206713246260039680
1206587008610639872
1205609316155318273
1205174515367591939
1204834938991845378
1146759311642828801
1222921614322479106
1220764468289986560
1125795689806671873
1125771009808904192
1125482116781879297
1125479213199450113
1124016371271176193
1222921843390275584
1222591787300245514
1222554700433756160
1222534915008401412
1222171036151664640
1222163502187589632
1220757377395363841
1220733049383550977
1125892249655676929
1125826288479084549
1125484141154373632
1113476147516407814
1176564129852772352
1175155535836045312
1174448643094515713
1143886403509608448
1143263502192336897
1142156643687383041
1141770298850709506
1141754229545144321
1141752126080790528
1176559782846750720
1175110726119317505
1174362838317633536
1142495991075131399
1142086672638783490
1141755150450737153
1141440657644539906
1141055056395034624
1106203037096390656
1105583830163996673
1104120383609933824
1250111425227509770
1250070887455481865
1248980536556650504
1248657734284820481
1248378366421389317
1250788194150428672
1250780477423865857
1250515818582093833
1250464267318460417
1250414131800428544
1250161148185456641
1249793638202322946
1249732615277510662
1248676218200821761
1247987073790943235
1225082600806547456
1154062706871287809
1154053849797287936
1152272799324676096
1151533974000418817
1091123523127570433
1090414015313072129
1089925268641366016
1090681994500022279
1240685266005667840
1240674902484623360
1240599568485691392
1240288419152105474
1240277063145336833
1239592420129603590
1240685268832784387
1240685267486298112
1240666676192034818
1240384417379553282
1240281827081891842
1240272154576420867
1240024989216247815
1239972626249863173
1239592416954527744
1238871101020803075
1238164582012792832
1088136924450172928
1088127024323948545
1087809826686668806
1085704670750932992
1085246591152332802
1084926106204033025
1081354636379021312
1080943258379960322
1089527208387985408
1088890431864270849
1088118120542285824
1088099014191525888
1087942214980915200
1087856127004545025
1087827821685284864
1087821305674641411
1086742109242179585
1086691604780539904
1086681986280947718
1086311784108167169
1085279906525863937
1083469881809518594
1082028600730308608
1081211649292468225
1080933258139975687
1110950727663398912
1110922020307390464
