1101167836712587266
1100546171909611520
1100525931347742741
1100421691816271872
1100186687131602945
1100134941847896064
1130958418041331712
1130958373741039616
1130889205972905984
1129131289389469698
1129100157059031040
1128752011812454400
1129035243841884161
1191874747191181313
1189566451922984967
1133454529960337408
1131969073217196032
1131943865055944704
1131622884051476480
1131589282777489408
1131535664888057856
1131535372150878208
1131285276020662272
1238107015051911176
1237056566253273089
1237042208366305281
1245721474088009728
1245506958452555776
1245499416980664320
1245362804892340225
1245084085606907904
1244790695170396160
1244759817941594112
1244759815945162754
1244416607281205248
1243941360866074625
1243631600535027717
1243617728642113539
1123305754994335747
1122954072867450880
1122947145567436805
1098383672120627200
1097922009433104385
1097922008418009089
1097921323186167808
1245733441091645442
1245438027624853507
1245421979861213184
1245362807182430208
1245099392044085250
1245084089717317632
1245084088723177472
1245084084285648896
1245084083148947457
1245072204515155970
1245004106852380678
1245004105879347201
1244768031886188544
1244724527654985730
1244030057422692354
1243941359947571200
1243941358206844930
1243941356474695682
1243677514133843973
1243633443214446592
1243552179136364545
1243340157505417218
1243206787593121800
1099701332351635456
1099071064666226688
1098990988524208128
1248282658397917188
1248276551344492554
1248054517352091650
1248033980902973456
1247985941454524416
1247968333577818115
1247968332118134786
1247634992592752643
1247634991254835202
1247625618516258817
1247623104857243650
1247537855146020865
1247288745625337862
1246495382458314754
1246185477302091776
1246166402861596672
1246128123856531458
1245770572673490952
1122164059594481664
1122127976173318144
1247968340896886785
1247968338430570496
1247968337054834688
1247968329291239426
1247892729394130945
1247892726420361216
1247623103871692801
1247537859013181445
1247537856609808391
1247537853237563396
1247307059210616833
1247263841886617602
1247229621151694850
1246523324181688320
1246173961886617601
1246173958900236290
1246128128138846211
1246128127182540800
1245876868986933248
1245745783997071367
1237855772140158979
1237752293552001032
1131712260039172096
1131534446044352513
1131258666655657984
1130948389628272640
1130889212344098817
1130889203661910018
1130889199949889536
1129512474414321664
1129496081757286402
1129417969409437704
1129068735573233664
1207702530282737664
1122135788383289344
1121836717617635329
1121512834842673153
1121196803255304193
1242569362151821312
1242491933097893889
1242245986598244355
1242245985742585868
1242245984991809538
1242183916208955401
1242183914195767299
1241881286450524162
1241839770642329601
1241749093875159042
1241485141710712833
1241086449166016512
1241061982889021441
1241014790149091329
1240727148819816448
1130889209840099328
1130889201665400834
1130864643063328768
1130821919199117313
1130635062158995457
1130610384736608267
1130531198378422277
1129081427532898305
1129047230122483713
1129035246081650689
1128810570692669440
1237922749781356545
1237741673632989191
1237439952981561348
1237433976979181570
1237090718784598016
1123230943752404993
1122889813869441024
1121762370932682752
1121761841103945728
1121565016572997632
1208145460931809282
1207751597129949186
1207742649400283136
1207702531952070656
1207480796799553538
1100778087049035776
1099753522445336576
1132331420729454597
1131969072349028352
1131644177526284288
1131191977951866880
1238099791135064065
1237828908504035334
1237512417934016514
1237506643740389377
1237082982101499904
1181312688980418560
1180862496372121602
1189336298978467843
1189263046411194372
1188911290900766720
1188144038769299456
1187819309155917826
1187423149736026113
1187123895821836289
1243206785055502336
1243167826380296198
1243167825138798594
1243015959264272384
1243015958538616833
1243015956873478145
1242817059291049984
1099040237722976256
1098296375496847365
1097922007382016001
1097596150906085378
1242183915353374728
1242136200120598531
1242129753076883463
1242083746456756226
1241765436842225665
1241765434174693377
1241765433264521216
1241765430533988352
1241734860269641728
1241734859149762560
1241734858184982529
1241485142662709249
1241438321018011650
1241422994527920128
1241032405579960325
1240703964103856128
1122876006656806912
1122557517232578560
1122486951448387584
1122209735611179008
1115385871950336000
1115345689658130433
1115345300271632384
1115045288874475526
1113940062344044544
1180165526859010049
1179532077433270272
1179453888014897152
1189336302719852546
1189167782677700609
1188144037792026624
1187804054933659648
1187154974595321857
1243167831514120192
1243167828334850048
1243167827370090496
1242587908705529860
1150900807073697792
1149823880971935745
1149771508392349697
1149453662470758402
1093539704622993408
1092902246013128704
1093943381124894720
1093208104643317761
1092997946138914816
1092570378617131008
1141092428948131841
1141092309003591681
1141051960872853505
1139521136029569024
1139225355946999808
1138909674781237253
1138893050552442880
1138893045691224069
1101214638539186177
1100566283660214274
1100494166843367424
1237845116477300736
1237828905119203332
1192114602705932288
1192114601615384576
1191742916575793155
1191444359490756609
1190290365808553984
1190290363849809924
1189683529560530946
1098652547764629504
1097922005976911873
1115677568156491776
1115672568114098176
1115672566943952896
1115376160999923712
1115306113031921664
1114215629383503873
1113940064353050627
1113841900916740097
1113561697644630016
1113539494324645888
1113514459153219585
1194266487252496384
1192963446092042240
1192849854856339459
1192461757383684097
1192230993333301248
1243285590201774081
1191842566955786241
1191742915015512065
1189650307229335554
1189599801144426498
1163563703758991360
1162394999687962625
1162080367232393217
1161707053058076672
1161692494981140480
1123344743734358016
1123282457745338369
1122128279891251200
1245492896440168448
1245488864942264322
1245438028618874880
1245138650377138177
1245084086714204160
1244759816964321283
1244724528472895490
1244671438822440960
1244655169993945088
1243941359037317121
1243941357284143106
1243682600033701888
1243633444376240129
1243610233710272515
1243559632393682955
1190290361924685824
1208137286019366913
1207702533382250503
1207479260908343297
1248043466023743498
1248024016927031301
1247996505471856640
1247996504196907011
1247996502364098560
1247968330478215171
1247892727892566026
1247670817401581578
1247666280015880192
1247634993561702403
1247605446367682565
1247537844949671936
1247537843154518018
1246458022416855042
1246442842794397696
1246185478401019907
1246173960141770752
1246128129103585287
1246128124821110784
1246128122975719424
1246101623920906240
1245828203790254080
1096452688764653571
1096162882394443779
1095374766792429568
1095035939330637824
1094008404933308417
1093909943042871296
1093722297830121473
1093608723686309895
1093208302866051082
1092952319203909632
1181684676362227712
1179533635596275712
1188892096775806977
1188113486179639296
1187819306765213699
1187473344410468352
1243206783948251145
1115756018003263493
1115346251464286209
1113841902363795457
1113813889324597248
1113561991405350912
1113561256215105536
1113539236488261633
1242484728059617280
1241899416879054850
1241830598731337739
1241793553598238721
1241765435101642752
1241765432283062273
1241521871901818881
1241485143593955328
1241447425988050946
1241413260047519747
1241385721392517121
1241146541475344386
1241122991968268288
1241046032575860739
1241001077929107456
1240728086175514624
1240710234672205824
1208455812093489152
1208177692165787648
1207780861879488514
1181343579475714048
1107776206315884544
1188113488578781189
1187548478416838656
1187531226887925761
1187093976756695041
1242919334093008897
1151187391576715264
1150857269913030657
1150057333764104193
1149072616952606721
1149453668372164608
1149354163102461954
1101520401358831616
1101294241223983104
1101195562311995392
1130926504249110528
1130889207914881026
1130566552066101249
1129443001628004358
1129035247969079296
1128735347259715584
1237828907036000257
1237820255801610241
1237553775465746432
1237154315594280960
1237068688769024000
1163531263610949633
1162737285357625344
1162371805417484289
1163926628977774592
1163531265565437957
1162441134808928256
1162422318590812160
1162416725889081350
1132995158524477440
1132331423472508928
1132015126096351232
1131663957373214720
1131258667783905280
1179426416993214469
1179145456896659456
1179145449611157507
1178709441849495552
1178709440377303040
1177611807055179777
1177360666283433984
1243206786099929089
1243167832734683136
1243167829777625088
1242805991802109953
1242505625877254147
1242250649414270978
1242245987554529280
1242116477165191174
1242073603925041157
1241888534845325313
1241792294904369154
1241765435974049792
1241765431414841346
1241516306647543813
1241422993735237634
1241392963843915776
1241388113005629441
1241153369860911105
1241078510082457608
1240762315424833536
1240710233045045249
1141345548114518016
1141098085235531782
1141095549803868161
1141051956963790853
1141051602813497344
1139252269705306112
1139239759421812737
1138893049084416002
1092547220526821378
1092480556040970245
1139521137996701696
1139234506500653057
1138990074530582528
1138909871598968834
1138893047037681668
1115964046463971328
1115702455445217280
1115376165974310920
1115376163684265984
1115051015110262785
1114248450621759488
1113894565512138753
1113857922855993345
1113857921966923776
1113841903366234113
1113841899281035264
1113841897313918976
1113513249662820353
1096050385314373634
1095420634291675139
1095096435652083712
1095867643486261248
1095816425590136833
1095767417551241217
1174105922723078151
1174097099350269952
1174097096355602440
1173668753126711297
1172569152843915267
1172550549675413504
1217183919575093248
1217183915158462465
1216040247332679681
1215062846490521602
1215022276040626176
1179167054252986368
1179145454958841861
1177618794329595904
1177571101725077505
1120835153641857029
1120721556529872896
1120428451276697601
1120394147440013313
1119022477974360064
1118286982533218306
1118157270435663874
1117939283694895104
1117938958514774018
1116741568612974592
1116003582535401472
1201579410178097153
1219867099511820289
1219792225858703361
1219776681650610176
1219765876871827457
1219738176610238464
1219408699636228104
1218296534741266434
1217639103728181248
1199110298340335616
1197986234129358855
1197628457070596096
1197628455744966656
1196961854964281345
1194386049495109632
1192867521604595712
1192193969905688583
1192193967930122241
1258423393537404928
1258100521912733702
1257733939499859975
1257377552353710086
1256704319577088001
1255964522625540097
1138461205700501508
1137108881321201664
1136697431402397696
1136659177823199232
1136418868619087872
1136414635492564992
1136386130323148802
1136081012817973248
1064885429231595520
1064609523564974080
1064561221599457281
1064247256520495106
1063478860342284288
1063111016286969856
1061047283347873794
1060687361594535937
1059498241149095936
1058752867413229568
1058094261139316737
1058052804428906496
1057346700535312384
1056233197267283970
1055953506966872064
1055901123670872064
1055123136562237440
1054440000954290177
1053685009775820801
1053375636285333510
1052998040217427969
1052949211967365120
1052658332060790786
1052635738133725185
1052608337739739136
1051598517549092864
1050484547266199552
1050419594207420416
1050043338810957824
1049737741171400705
1049449708043800576
1047873644687495168
1047294985404669952
1047294977309589504
1046868819891900416
1046844870764253184
1045454891588743168
1045424924935028737
1044988759270457345
1044018593879543808
1043919490587734020
1043221723678691328
1043203122099834881
1042873644056305665
1042849246179995648
1042830225640443905
1042814510610964480
1042798247537008641
1042533906296266752
1042179102525087744
1037860746842042368
1036751457494675456
1036698974709796864
1035566586227240962
1020075278687789060
1019210214212435968
1018994490890244096
1016763527175069696
998994354780954624
998227659229483008
997130622400417792
1232758695823597568
1232450719325638658
1232439528108908546
1232398860074483712
1232327557363748864
1231016637010268161
1230937494830624768
1230560554395193344
993946012002803718
993923618504609793
992847018375761920
992464382167797762
991435013630713857
991121156802396161
989946288610398208
989878995851337729
989619897880797185
989273956590014465
988897366378975232
988548009741963264
987081864535007233
986737582632570881
986374614963179525
985547397232197632
984979698240323584
984555386807226368
984455532378550272
984453740097933312
984435235013218304
983762215319810054
983708491486461953
982630934838239232
982358636478558208
982288208586129408
982009417498578946
980199499032350723
979457592975134720
979385447355994113
979384170106490881
978736682555052032
978652998229483520
978651669255933952
978023478497595394
977306902534213632
976938596400861185
976911139417346049
976884467024396289
976540310032527367
976514837688745984
975826366783516672
974701986326175746
974329938177294336
974329517853560833
974329073764794368
974328586109931520
974009401400086529
973949088252289024
973712856482045953
973676605020299264
973572903919931393
973570654221062144
973570180986081282
973368453670293504
971898478464000001
971825178056581123
971530800582807552
971530542889013248
971528861862322176
971526345804124161
971526031768281088
971494071519899649
971412740760899588
971115087070224384
970795326327214080
970710922468741120
969588344874328067
969019331244904450
968294752260157442
967452179874369537
966485629885468672
959590361160212481
959589585436192769
958793797420437505
958782052245147649
956577407309418502
956558067797299200
955954852105945088
955817713527676928
955505585834921985
952218617558466560
952218106927222784
951585765338869767
951585354976497665
951127158814117893
950827449868341249
950793787500003331
950775615422164995
950435666449653763
948583296933466120
948310246551883776
943323516564361216
943309602304774144
942909664576057345
942894431899971584
942796887844970496
941763549138964482
941688520267194368
941442542234734594
940615748988342273
940360816402075648
940359866987794433
940358979242340354
940357746200862720
940357222315495427
938445107006726144
938168583603019776
938145178640109568
938136181648363521
938136052270796805
938135000708517888
938103744310456320
938095518781145088
938061433853620226
938061224125792256
938060721828581378
938060244646813696
936851125973553153
936850822796795904
936800016928194560
936793531892371456
936723386646097921
936694851382468609
936694518832869376
936693941092732934
936693108624056320
936304950782676993
936304602621890560
935568415447756800
935205003295371264
934566578733142016
934516146312830976
934254863143145473
933361223101542401
931312433079218176
930972817004384258
930904886186737670
930853863397216263
929024947095252994
927316213482622976
926220539705864192
926220259379630080
926219926305689602
926217211118804995
925812312874897409
925496759098384385
925157255137447936
924051925066289152
924024045863165953
923696828771590144
923631208227049473
923630991184408577
923333005418082309
923327860911329281
922979444368793601
922978586855952385
922977806409191425
921046696586633216
920426232533213184
920368534143762432
920347032602148864
920025262221398017
920013112933314561
920012908951678976
918921123257049089
918920839801856002
918920375785918465
918564801005092864
1252329957403041799
918482762130128896
918244000158633985
1251305738271670272
915253870992822272
915242486859169793
915201769172537344
1250851303598809090
1158116629181587456
1158112011387097088
1158103898898522114
1157323088251539456
1157032601493954569
1156670496324411393
1156640057215901701
892779625931300864
892779383638949894
892565880676155392
892564279257427968
890787148659531777
890786814075654145
890231117386788870
890020141156663296
889987036056350720
889564341955153920
888460343927865345
888094942542929925
887746219287642113
887099352702910464
885216493230858240
883113046033530880
882992780464840705
882774077236273154
882665235294957568
879783665227661312
879452259050033155
879155210937085956
878604205476507648
878329774048911360
878327293629800449
877628500508893184
877262177794699264
877206869571506176
876848437064544258
876843400779227136
876843064849027072
876842725169147908
875470689574289409
875470163470168064
875449850896240643
874755037951660032
874628131914698754
874627985915211776
872956304440033280
872955898725101568
872955308578131969
872817561636941824
872817368627630080
865569643188019200
865013603212165120
864522045303992321
863141481250476032
862082526873092096
862022952694501376
859853559868817414
859551815553175552
859551529770024960
859551217281892352
859144947076870144
858094605564350464
858006409451057152
857649623585959937
857367291008253952
857366372250255360
857024544925773824
856910594573824000
855825458440679424
855823776373760002
855096923467939840
852925939377999872
852204688342753281
850802896933408769
844714598880169985
844713690029084672
844713044659916800
844603614689726464
844300476694835200
844187488923062273
843993979070959618
821795239136522245
821734162222682112
821477308213194754
819341964797734916
818621473170616320
812388889696403456
807014039301849088
806689338205540352
806642313573335040
804058111774511105
803403299512848384
801482527567446016
799758158520430592
799335521122013184
798314999794069504
798225901599109120
789533806831235072
788492159083216896
786977440077930496
785592973409017856
779082603773194244
778622663178715140
778621944677662720
778392619042734080
778308107164389377
778307635481288708
776529266724995072
776527829441839105
776429285146066944
776428583694786560
776428335492657152
776078096571179008
773988612178382849
773894456126898176
773542740244230145
763832368302022656
761599287247634432
761324676740243456
761322759762878464
761321767709409281
756177712893587456
755793422405861376
755791471232421890
752911386435588100
752910991025926145
751483538013290496
751483063792766976
748249614403440640
747878680144273409
747878147157270532
747876786319532039
747876386975719425
745794624229367808
745793991287930880
745781870001020928
745677833775767552
745377189546299392
745376793511727105
745314214068297728
745030474339323905
743523749941624832
743230962608242688
743168254298849280
740963302591860737
740950449239494656
740220189166477312
739879333511204866
738379763853713408
738378585338171392
732636966223745025
694249006189379584
693097203053809665
692819738213359617
690585663708594177
686675661818322945
674343181790674948
674343014995763200
672849943028228097
672849673149894656
672506846142464000
671811968664236032
671811685515141124
669629422731993088
667107660173590528
667040249017737216
667039919051771906
1088476914208124930
1088145678302433284
1087896739716186112
1087368587252244480
1086368944070512647
1086323905952972805
1084836387030032384
1083785575608537088
1083070138209968134
1082404715210657793
1080879474080735232
1079557859095072774
1079148144330506243
1078057278278983681
1076136876342501376
1075923769225555975
1075768403376377856
1075576327649026049
1075497477216919552
1075073347657089024
1075047156845817856
1074689555343777794
1074031436875923457
1074031429170987008
1073327179591749632
1073276502169542656
1072555885417897989
1072246340850200576
1071050503826628608
1070815616251150338
1070762797670244352
1070114055078187011
1068633406395813889
1068546711327518720
1068251233675296768
1068250544958054400
1068249442405502984
1068248974442852352
1068247866752286721
1068247709172334592
1068245704861192192
1068244159813873664
1067956522611863552
1067185087672971265
1067172135158890496
1066845021117325312
1065340388297318400
1065297657718075392
1064978003149627393
1041757930087964672
1041757234403991553
1040662597517959168
1040637283999928328
1040341140392824832
1040269549273325568
1040267253277704193
1040027252921180162
1039537962088886272
1039287447673348097
1038238000935837696
1038172397122273285
1037506418943959041
1036600071121510401
1033483091686379520
1032727740292718592
1032412878425542656
1031911832188018689
1031910839333335041
1031910632092848129
1031910428182556672
1031909080053506048
1031908657049550848
1031908351456763904
1031906881541947393
1031889664498696194
1031881589301686275
1031639668734021632
1031610914338992133
1031597653191286784
1031568234762457088
1030541499463856128
1030194956449792000
1028997226234867712
1027905356222083072
1027549082204733440
1026181958286565377
1022122025106767872
1021764806766993408
1020732767292805120
1019948962546102273
1018893843029164034
1015348962373656580
1015273209711734784
1014545729635934208
1014177593690673152
1013862063926542338
1012718332078952448
1012051515715063811
1012013117914697728
1011976876099686401
1011780174889738240
1011030843257774080
1010591142692433927
1009862714389221376
1009501862805065728
1009117206960136197
1009108748042932225
1009059852306575361
1006895555476447232
1005093512650674176
1004781472258187264
1004377150252814336
1003729369951559680
1002291361385762816
1001865460252663808
1001608084580683776
999456515558920192
998669672726790144
996896576261050368
995289695826468864
914210303822454784
913152445374697473
913151976795451394
912829604754280448
912785662671286273
912784772958756866
912506247823413248
912447531589750784
912436568803160064
912426522270687233
912425310385246213
910663300043739141
909426438654308352
909426130310111234
909424428282458114
908824797504778240
908795018105769984
908736007008395265
908735724333228034
908728969868038145
908727389911486465
908107074286092289
907731978425954304
907731442213498881
907040823166021632
906509645887541248
906293500714643456
906198536815042561
905090977462964225
904772894244442112
904699092495892480
903755239043555328
903645224735473664
903403247737741312
903329201301983232
903269166085545987
903268583542751237
901909046512545792
901908576914087937
901876821616201728
897564488475586560
897258252370669568
896567954636238848
896381755032317952
896159150622728193
896130884155265025
895371371877945344
895327210399186947
893935674184925184
893516544084512768
893516182736822272
893155211690299392
872227743647379456
870999066200690688
869970079877918720
867816991477841920
867787156600893440
1108507072746926080
1108424318407659520
1108348517041561600
1108037300297101312
1234575438544015362
1233542925461704710
1233123257026596864
1233051272992915461
1191800511101620224
1191761261840752640
821874774733361152
821733651712983045
821733404752441345
821538134232092672
821523511705477121
821477793850621953
819638361988222983
818918111143493632
818910097128783874
818909794140618752
817843832658292739
817843541997191168
816117476937371648
812389717010325504
812388546925297665
808777979698483201
807359171289108480
806689987987197952
806688366020411392
806687784362614784
806550702105444352
804006675778863104
803690408194834433
799758600981925888
773883785335234561
773542112793157632
773526926749294593
773526656795443205
773303343942889472
770672722812739584
768929997587410944
766021026773958656
763055265604395008
752910331052187649
740663493918117889
740663246613544962
740662600673939456
739878190236246016
735505426838589440
735114206932926464
735113980448899074
734492106803318785
733384264771866624
733383778656235520
733383207178145792
733382072669229056
733381835674259458
732993442977058816
732993060460716033
732637166170443776
731516969451716608
730840937497300992
730519536219328512
730512471862185984
727592446192975874
727205903716519940
727202044948393995
727201719139094531
727200406552600576
727200126385676290
727199430378700800
727175108964585474
727175030166159360
726168217996148738
725800202720915456
723167389630631936
723167074114105345
722855117347643393
721053252356333568
720722467258515456
720354414830047236
720320321316724737
719991513665691648
717767205103005697
717764550846754816
717762938824749056
717762585861431296
717758063957123074
717736954276745216
717406339908153345
717405960336228353
717405893860704256
715205907081207809
712372634512695296
710160464538439684
709516397492244480
709516159280914432
709515925838565378
708426982971858944
708426837576306688
707685758774198273
707678795793301505
706890399034556416
705846425024864256
702966936418836481
702966653793996801
702966470167371776
702897470678966273
698880741367635970
698880648614846464
697146349301714946
697146199745368066
697146116752728067
697146051459993601
695275358568988672
695275133527814144
694949568644042752
694949479489880064
694677446906413056
693097354140975104
690271950162300928
690271570590310400
674662982329237505
1245421980733538306
1245362806028996609
1245150783546548225
1245084087704051713
1245004104713342977
1244724526769942530
1244019293802704896
1243633445244407808
667038837990912000
666736607240790020
664219662016782336
663858639401304066
662374477641228288
662373865864175616
661316547437309952
661292158616489985
659079826343657473
656955105074397184
652210605852622848
651464390307356676
651428947071238144
650023080652353536
648513313538736128
648228133586501632
646385377834614784
641734124517068800
1234885261621972993
1234575440011984901
1234535730791297024
1234231176849772545
1234178141960245253
1233776187547308035
1233754693421215744
1118539184824827904
1118294283730264065
1118249929275842561
1118197770194759681
1031900412943654912
1031885340355821569
1031866835753422848
1031655288640876544
1031653199495737350
1031629295259668480
1028642570052751360
1027197776847876096
1026978930669101056
872514688390713345
867815149813497858
867511293288304640
867160414211248128
867150103164977152
867149627778269185
867144406276743169
866463001838317568
865645982863704064
864933182348681216
864841341636923394
864523986671161348
864521218866769920
864521125023363072
863399257319116800
862023098471677952
861975434078113793
860194297022427136
860193990947328001
859846996605231104
859811776199892992
858094230669070336
858076464796794880
857708623925043200
843992939978211332
843943289527160832
842152346117373952
841798254622826497
841352715921981440
840938464635957250
839914106333380609
839913082394722304
839606721358200833
839584308025253890
839583798572511240
839211262428995585
838871271593107460
838845729217077248
837690333198696448
837156807663628289
836345618113171457
832620715685924864
832619608146378752
832378532269547522
831953779205488640
831664358325362689
831528266846593025
1163926626943549443
831528049850118145
1163926625228079104
831527903762452480
1162371807158177796
831527733880565760
1162371803500699648
831250606308327427
1162110692712951809
830549939516227584
1161762064056147974
830088251780243456
1161747932237959170
829502158945054722
1161707055469727746
829387516168003584
1161692492024225792
829357286703427584
1161692489000062976
829355387849682944
829140554109820928
829139856777478144
829116930313306114
829116873295986688
829100026571939840
829088914451341314
827576131519971333
826910915299831820
826909892875317248
826837838641639424
826616186821541888
826488734136823809
826232729243099137
826232563870097408
826135006238085121
826133325991534593
825132024138711041
825131242039422976
825130059916775424
825055858497294343
825055558436847617
824423394632425473
824423052821798913
824422880700141572
824422293073956864
823999872089161728
823999340574310400
823666451156443137
823665957151342592
822227687787888640
822142555961827329
822142072241188865
822123771758841857
822117359381049345
821886054831628288
1118890472330678274
1179145453469876225
1178773602184941568
1177611808879738891
1177328909739790345
1135615025597562881
1134525479392862208
1134505769607602176
1133834077235232769
1133769417890910208
1141345736648511488
1141100224598937600
1141051959371280386
1141044016089313280
1140755213810143233
1140700327030730759
1139521134100135941
1139234367689986048
1139225354147680256
1139225352100823041
1118198362317185024
1118198041708724225
1118157271815663616
1117785338414497795
1116741565177913345
1116410760039735297
1136026066970140675
1134506196436705280
1134182542792376320
1133834073384935424
1133834069811318784
1172866974612955136
1172610860965126144
1172550548186370048
1171842208498106372
1215286781484118016
1215286779579904003
1108753106853085184
1107744235829243905
1150900808487243776
1150857272081428483
1149823884688023553
1149823883157082114
1149771506534244352
1149738425362321408
1149022515135733767
1170007422762663936
1169783407490080769
1169783396840742919
1169716575131316226
1169390388525903874
1247968339890184195
1247968335523872774
1247892731080237059
1247892724423917568
1247892722897145856
1247623105994002432
1247537851274674177
1247537848875536392
1247537846488948738
1247302044731482112
1247249851630473222
1247219753971834881
1247170226753540097
1247170225277190144
1246895842797203458
1246499724456333312
1246173956949901315
1246128129980149766
1246128126150803456
1246128121990045703
1246128121142747137
1245836406204882945
1174105918235193345
1172878434864906243
1103037846024273920
1102982162435977216
1102982161085411328
1166133657993658368
1171183936929767430
1166087208668975111
1104440672877248512
1104439279621672960
1104393151735840769
1103780684596948994
1103753894356807689
1119377812371062784
1119292600496869376
1217183917561860098
1216736285794230273
1215022277533851655
1117861565351460864
1116741567207940096
1179145451536343040
1177611804219854848
1177571168112525312
1177318381285969927
1193903192389619712
1193556659060252676
1192878489151660034
1166737216049168384
1166133656202743810
1164303682122309632
1171781472753205249
1170050973538095110
1170100880361889793
1169987549026295810
1169987544131522562
1169783404902133761
1169783383385346048
1169710845259108353
1169386700847624193
1103694704233902080
1103037844057141248
1102666674422116359
1102616013206622209
1101611025630142464
1104439618513104896
1104438676472426497
1104135225515364357
1104028321254424576
1103385915102298119
1103311845740417024
1194306282653655040
1193929943782187008
1192836151301816320
1192482920008691715
1192239526330155009
1192239524786712576
1192193965942030338
1192114604241018880
1196961853152399360
1196948862856056832
1195735649942421504
1174105920814637062
1173967044909441025
1172613273000304640
1172611460377251840
1172550551286026243
1172550546705788935
1172240186559860736
1219875591882706945
1219871498980204544
1219845841277669377
1219814134059077634
1219752897442930690
1219751085797232640
1219721828765175822
1219709173853839360
1219706762720423936
1219697136683704321
1219680335216226304
1219301063448236032
1218279415601340416
1217942837016305665
1217202313204510720
1196828349085163520
1196794401403658243
1196794391597371393
1118348623195058176
1117938553378562048
1117763846373105674
1135997831020470273
1135945772174848000
1134182536614240266
1134182531828518913
1134182524241006594
1134127429822365696
1134085138122498048
1133834075356172291
1133834071447101440
1257818163770728449
1257468069238145026
1257366153032237056
1255964523615395846
1108822772665454594
1107789013400866816
1174097097798422529
1217202172909236224
1217169257773109249
1215351257789018112
1214979385473802242
1166133659377815552
1166058651079122950
1166039004145475589
1164615460123369472
1164579678474010624
1164303683447709696
1164303679521824768
1164251842009681920
1163956971466305536
1104439947690414080
1102954846817345537
1085703506776883200
1084944420401750016
1084519740339601408
1083416252155158528
1076578830679195649
1076520389407313921
1075843860876722176
1075118582424588293
1075047158196436992
1073650103599198208
1073401229416558592
1072948421772935168
1072872844437147648
1072533385820684289
1072190396191653889
1071906118941753346
1071187955144904704
1069363641294745602
1214636792479199233
1214278934512250881
1214221333149732866
1234928740200779777
1234903420630437888
1234591960058486784
1234575441945645058
1234575429387898881
1234575427924103169
1233542922584428544
1233468857739857921
1233126169660338180
1087756901960613888
1085976051342282753
1085615584866373633
1083462266211782657
1257437026737143808
1257391126648152070
1256274565715689474
1256020953403994113
1257809886433378313
1257740232117682176
1257733940959416322
1257719010579406850
1257059334615371778
1256684886586523650
1256317231195193344
1255982084897804289
1111334430822592519
1111288561310011402
1111288560274079744
1110937465718796289
1110686026866016258
1110546154205392896
1202963602631745538
1202359478320021504
1220007412352110597
1166737217752064001
1164601857949356032
1164251843406417925
1164251839845433344
1171537202758602752
1171537200359464960
1171511890813444096
1169987546652303366
1169783391442604032
1169769861913989120
1169390386118320128
1240654722484375553
1240654720986988544
1240451577208614916
1240335712899252225
1240335711200595968
1240322328539643905
1240309262208901120
1240001322067394565
1239995958596861952
1239969052388249603
1239928233262567424
1239690355802624003
1239599340177555457
1238593326430982144
1238593323201449988
1238593322022842368
1238537432917737474
1238487215237406721
1104440356513464320
1104438968110776323
1104438446880448512
1104114019303079936
1103427009290608640
1103338122623008768
1204207383385427969
1204124434975596544
1258171541734506498
1257437025176825859
1257087504714530816
1256280163240869894
1255993399766900743
1255978017517703169
1134525852841074689
1134525652894453760
1134182533787279360
1134182528481452032
1134182526141030401
1128417865676279808
1128344459152850945
1126960485000187909
1126920724302716933
1126901011443011584
1126597527082606597
1126563007226626048
1126225388357787648
1126196509664477190
1126184846102024192
1232808214963654658
1232327555820195841
1232327346633486336
1232097786545496065
1232054812805562368
1230919784562294784
1230880934230208512
1230646817286692865
1230603701355765777
1230578644160065537
1219848514282442757
1219838931803525122
1219827280664580097
1218240265959411713
1217963479119867906
1217639208044703744
1217574933397757953
1196955636153622534
1196916279229272068
1196794399453261830
1195049870983409665
1195049869179793410
1195049866457690112
1194625251017023491
1219868654097117184
1219827282153525248
1219818678834823168
1219812728979759106
1219793118117101569
1219755666203709440
1218920320859627520
1218611205474082817
1218332591339843585
1196916285587759105
1196916280865042432
1196817163761401856
1195343221511139330
1194742970337116160
1194671562865172481
1256737913011830786
1256725556655280128
1256360429007319040
1256293399470145536
1220014730661810178
1258398197346639875
1258088106768695296
1258039641510477826
1257828075666132994
1257818165230305281
1257759625388208134
1257719006045310976
1257475951337889793
1257437026015686659
1256664500150980608
1256377587808579586
1256274566562877440
1256274564155420672
1255964521761509377
1232827471285846016
1258171542703411202
1255904303186939911
1255657653541445632
1255297750134132737
1254876731762257922
1254824720039542785
1254411789598679040
1254105106217402373
1254058981737353217
1253832352637292544
1253785651767660545
1253778659518840832
1253735520347271171
1253122262137556992
1042077840395649024
1041024135734984704
1040745042871242752
1040703288897875975
1040377138061488128
1040339673942515713
1040322108285431814
1040046814978867205
1039929245911470086
1039869294258073603
1037029944948391936
1036753192598609920
1036752708940845058
1034982697582489601
1034513931937751040
1034207470049288192
1034136516598091777
1033529672414445569
1033529670455705602
1033529667616030721
1032683144414208000
1032671744887271426
1032047579708772353
1032009459739123712
1031912183763030027
1031911375440883712
1031909240326303744
1031906820317753344
1031906237825339392
1031685880807923713
1031655289777532929
1031569661945622530
1031569660473499648
1030949760524533763
1030197068445495297
1030195621221871616
1029908807076519936
1029492416829632517
1028029771882655745
1027615672212369414
1026559344471625730
1026105512998445056
1024729384702431234
1024675278512107521
1024462614305353730
1024291222985142272
1023997491094736896
1022944009919111169
1019660910502309890
1017161899232890880
1017145028328779778
1014918277661904896
1014547187550867458
1014546461030273025
1014544641042059264
1014544004703244288
1013822405490470913
1012740116769595394
1012675403142565890
1012448275935432704
1012401714324963329
1012340706172600322
1011030346345959424
1010872777983909889
1010232851168727047
1009908284164362242
1008402269157691393
1007356297115766784
1006965589347307520
1006945870187778049
1006596171127754756
1006334883818549248
1006236417306120195
1004781162663997441
1004780723553865728
1004736322312040448
1004465888593137665
999677922217742341
999394418875666432
997250419704455168
996802968681877507
996767876458729474
996127465973145601
995011646119661570
994684616828219392
994661352559075328
994268078371475459
973306697484853249
973306277236563968
973305791984873472
972950923168317440
972165024977481733
971777513381908482
940360289857490945
940358587800543232
939259885384019968
938417142671790080
938166277977378816
938144624195063808
938133038373974017
936850466377363456
936775140829839360
936694182227390465
936693696313090050
936692120693460992
936346047646924800
935899418880077824
934953256173875206
933072567367331840
930937423680475137
930853639291326464
930845327019692032
930516206351765504
930516144867463168
928680476893765632
927315837194784769
927315577655480320
925889255456563202
925889176398123008
925881238229012480
925805958579806208
924796737407127553
924051625244790785
924042936483971072
923631518798483456
923584463422058496
922978201332342784
922957661141946368
922605762236571649
922254529583656960
922121582683803648
920368710413639681
920368320641163265
918920602358042624
918897307013255174
918897154709688320
918564463372095495
918483426642145280
918483171418759169
918482601308033026
917745526153502720
916373780687093767
916373475488608256
909795651042594816
909426826858188801
908825820239712257
908726954462937095
908008183469416448
908008110727593984
907750618294611968
907375953520857093
906299763070570496
905518077529526272
905090742699339778
904773185337524226
903645575702343680
902252226265088001
1158483125753778178
1156670493820407811
896567603736522752
1156650463296720896
895371881326546944
893515953518116864
892564622871597056
892032411910975488
890810433434669056
890786941016330240
890786625529053185
890786461364002816
890766932315688961
890685247616167937
890641698581344256
890641499611832320
890272555453513738
890272221821796363
890271698112716800
890230899811528705
890225009540685824
890020230038257665
889912086054264841
889911689235353600
889849531818536960
889642365450948612
888416304012677120
888095200232579072
887823624723451906
887745948704796672
887435062681235457
886580471093702656
886259459479277569
886231076888354818
885646187294052352
884799357261885440
884508147293061121
884436901972889601
883443750244163584
883113377022824449
883112682861285379
882993009595490309
882627779300397056
882277053772566528
882276005850775554
882275647267196928
882275233641750528
880892020709101570
880854479712727040
880109674397302789
879503313422753792
879451648795582464
877995366049828866
877598198885490688
877281290239832065
876947294142300161
876917822840090629
875702462849716224
875449799251644416
874695203923406848
873197025474510850
872956830720413697
872552667784019969
872228517098004481
871867020123533312
869952111404097536
867900079151104001
867899750401617925
867794245922508800
867511899503636481
867511612881678336
867160334796292098
867144187652825089
867143957838520320
865607440393359360
865345155938832384
865013310760128513
865013159488360449
864932764159705088
864914442970161153
864600414985097218
864599635993780224
864520887265103876
864207533099143169
863158633860915201
862779181129773056
862082755282317314
862082280625451010
862082089214238721
862023323328417793
860257901373517825
860193520161837056
860193330759684097
860193110411923456
859924051078381570
859883588707389445
859853799338520577
859846134755414018
859811499778478080
859502711385067521
858076870222512129
858006838079614977
857650159618056193
857649309420072966
856993444048379904
855151689023844353
852203692237496321
851531698437328896
851531522582642689
850803190983524352
850801960294940672
850095352963375108
850082283445006337
850082006105030656
849785547346382848
849651980771483649
847153353234829312
844714182301945857
844604526191689737
844301331259183104
844301026693955584
844188029828907009
844187740484919297
843993341670965248
842170477309263872
842150663379423232
841715308687695872
841398676161515521
840939286094598144
840938056039448576
840936736070987776
840936344046170112
839914535435833344
839913717907206145
839913355359977472
839584140181843969
838846215429193733
838798230351667202
837695509989052416
836306142456336384
836297108701528064
832620147915370496
832381232944123905
832301530510401537
831997427066556420
831528473529294848
831527384566362116
831527270758113281
831291762907963393
831268103388594180
829502924460011520
829502633618595840
829502383533260801
829354144548999169
829139619375611909
829100620896403459
827924789893410817
827575885788221441
827313426783465477
826910264935190531
826909623261261828
826838036981886978
826563686286376960
826489668170440704
826232935925874690
826135312665628673
826133725654159360
825875991566356480
825781131480072192
825548000613298177
825524792958803972
825132331656736768
825130767076438016
825130327937077248
825054922827845634
822585874718330881
822585584942202882
822124067906080770
822117187729104897
822110502625169408
822102426127912960
1128398345259634693
1126605429784686592
1126504542734938113
1126222472037183488
1126216583465111552
1126204491278311427
1088567312494534658
1086824484278095872
1086753345572929538
1086059312978501634
1086011363758129152
1085231271981268992
1083847013630922754
1083125552880459776
1082706790226296832
1081667347302305793
1080972517949480960
1080247369420161025
1078343107526176768
1078343106213367808
1077995429491605504
1077285656982941696
1075466036256870400
1075047159194619904
1073693957635403776
1073231337836945409
1072898496217391105
1072579790002159617
1071828271678005248
1071188819087683589
1071188196489420801
1070018877801811969
1069637988471193600
1068891187141124097
1068585748516036609
1068320430149328896
1068248525102874624
1068248011543842816
1068247462941548546
1068225270069567488
1067420298864205824
1067214971505922048
1066044492363546624
1065003049373106181
1064907649655992321
1138448865768685568
1137347404288729089
1137347220456509440
1136770795957555200
1136722825983774720
1064308151313489921
1063548949867503616
1062467080719462401
1061289155257421831
1061289152673656832
1058866798488109061
1058722168220147717
1058370018130292737
1057717828525137921
1057667065551769606
1057307424225443841
1056682728886808578
1055557603902832641
1054855953428946944
1054764854970605568
1054077634890645504
1052372878879014912
1052224461930422272
1050419591116148736
1050135820777209876
1050107352261816321
1050008142120144896
1049464913289187328
1048643570645835778
1047856647786438657
1047645617873412097
1047529220065447936
1047214859849490432
1047117922035011584
1046920893774123008
1046482610992680961
1045389561394802689
1045028131948679174
1044692734915825664
1044663293347078144
1044595062884225024
1044315586006839296
1044061451361701888
1043555120145944576
1043237223037116417
1043160102826663936
1042904359854645250
1042904357359038465
1042859229697204224
1042830223853662208
1042795571336151040
1042478684517613574
1042123890212982784
1042111217282809857
1024045536981250048
1022502381429379072
1022206061707710464
1019981956707168256
1019721824211492864
1019660908610584578
1017835255833784320
1017404829902233600
1004782335605256192
1004160251925549058
999742101544931328
997986098147201024
997493275509575682
993651829564035072
991738749825544193
991435014867968000
991349436621049856
990621345510707200
988849086991347724
988547299935752199
988546770610327553
988086477065158656
987465991440556033
987402438402551809
987382874847444992
986714867527806976
986676218811609088
986674341956988948
986610606215254017
984979695509934081
984793112215203840
984454867442896896
984158436802945025
983769879122759680
981985602626293761
979458203846144000
979457111032762368
979386539439480833
979384606611984384
978654165625982976
977307756993613831
977228727082889217
976606724537962497
976515145647185920
976132368972107777
975826040252719104
975465654081015809
975417067854852097
974057344979161089
973964809506099201
973658041169203201
973573923613880321
973307644466352129
973307193230577671
1232460810972041217
1232001438680784896
1231016635529617409
1231016634065833984
1230962694846586881
971531927835508736
971531132419432448
971529286564839427
971527127639175168
971505733966712832
971457511873114112
971135035817545729
970712893527379970
970359863229534208
969377589935689728
969233782590013441
969233780824334338
968645699670769664
968495140225650688
968269018061836289
968269016652570625
967165932241027072
966776258116845568
965709150570319872
965676087513513984
963177297271455745
962371215758422016
962371213854158848
962371211786424320
961364144913027072
961326298630164481
960614301995294720
959589795344330753
959550612525473793
959524404731564035
959505232890945536
959185111479738368
958518096863678464
958097812788596736
955981308932608000
955864813720219649
954434607813922816
952584551389331456
951821954083885062
951470792142983170
951447123815485442
951206296216330241
951137476390866946
950794645860208640
950749643620716544
950475693443420160
949003069056012289
949003067621560321
944012581219569665
943948864356274176
943933635832549377
943357797361766407
942862969544822784
942796495706836992
941763456990146565
941075828049416192
778309007970828288
776528269399162880
776482680720457728
776430171628986368
776077757369442304
773894130502074372
773625230552100864
773624641302790144
773624343624581120
770672239419256832
766714929084768256
764115296705736705
763816370027032576
763408629286498304
763071421622980609
761322498537492484
761322007732649984
761226740421259264
755792333845635072
755791807477194752
753671555553562624
751134760555118592
751134006637391872
751133801452040194
750436919465607168
748184135257235456
748183638735491072
747878385225961477
747877952210276354
747877749348524032
747876553187540992
745000919973113856
745000658554720256
743229996634890240
743229733861789696
740950831978192896
740950135757283328
740662834447667200
740248388675993605
739879077549641728
735602073601990658
735507139804966912
735114414429347840
733385938794078209
733384798354432000
733382737856462848
733380898763243520
733380651232202752
732992901542711296
732637786176651264
732276127042015232
730840526291910656
730816978160627713
730816473929818112
727240180281819137
727216505100886017
672506881194205184
671832890737614848
667040071057567744
1118625779619901441
727230178653540352
727217944502128642
724387882664906752
722854821720502272
721053631492026368
721050726454149120
720354561408528384
720320828508741632
720273402523586560
719912007869276162
719645888088567811
718597275732348928
718541521751056384
718198724476932096
717767886291513345
717762808742588416
717756796581101568
717752335334825984
717736837326966784
717736711707627521
717406090162520064
712372764489981952
712372500286607364
710867645122387968
710842780306808832
710160150359896064
709808102808428544
708426718709735425
707340421962321920
706922327854989312
706890550155284481
704344668537024512
702967073765498880
702966566011453441
702939688403902464
702628783438897153
701887897130115072
698880570843992064
697868732291489792
697868454280437760
697868376350314496
697146443459620869
695686214339448832
695654996864593920
695350196834693121
695275281339256832
694950144115105792
694950018155962368
694677679975456768
693097079388921856
690271647786504192
687043152696446976
671811811952500736
667040120193867776
667038628401553408
667035514273402880
666706675483701248
665991719733866497
663858679473643520
662374251903717380
659395280903774208
658660556958793728
649403383686823937
648905521383239680
646315600885641216
646081256531329024
646081103342796800
644209816970362880
644181832888647680
643921974029340672
643522456129531904
1210713871649927169
1210645417530015744
1234947171482587136
1234637362275078144
1234591962025558016
1234575435637383176
1234575433695453186
1234575425961185283
1234575422039433221
1234523138819526659
1234510780181159936
1234305221624504321
1234275887857664000
1233529352568131584
1233443026665639937
1233180260893675521
1233088146218287104
915662743960727552
915591507935203328
915396627472486400
915215560425791488
914847925632716800
914211270693474304
914210971522084865
914210600296820736
913905992718520322
913532577822203904
913188739115085824
913153413994737664
912830607385821184
912830361046011904
912829354819883008
912785418717925376
912785203466313728
912785016316465152
912716765435777024
912716525777367042
912716291965890561
912716070137548800
912505894541328384
912451524755894272
911593738438356993
910605809457008640
910601155411169280
910205893349867520
909923228260413441
908728134241013760
908724324680523782
1201981834596356098
1201970030067490816
1201911663198429184
906198475699879936
1201205535879634944
905544802284036102
905178186442563586
905091533489278980
902996362261823490
902251382522171393
901878800841093123
1156998182410358785
901876942726684672
1156650464479449088
895771749937278978
893155541740113921
892779925245235201
892565582511562752
892565264260313089
890787725527326725
874392011532640258
821869028830539777
821799680011075585
821795875248832512
821794941890347008
821733858475470848
821538366772703232
821504897061298176
821477140457783296
819623188187512832
819622623957123072
819341035855872001
818909420646240259
818847996200755200
818847121457745921
818652246967779330
818551876908093440
818528364919193604
818528030356279296
817845567468564480
817845208104783872
817843201025445890
816416593102114816
816118058603474945
816117758345826304
814878078497423364
812389436604366848
812389181011857408
812339730834538496
811604096130187265
809825396879491073
809450554653077504
809449480009482240
809168737781903361
809167437132341249
808462445970853888
807359703919497216
807359572734316544
807260845772275717
807260520189427712
807251182972440577
807014883653021696
806688100319657984
806687583153614848
806687338810245124
806642013483466752
806610477975556099
806586559013224449
806550190689755136
804045751357734912
804045527281238021
804045216466534407
804044922718449664
803689927137443840
803689664704118784
803403609929121796
803355285293244416
803319318582882304
803318991917842432
801482804995489792
799757882723995649
799632324916838400
799382990954622978
799331877211541506
799315221361868804
799032815320973314
798643590603776000
798642600240680960
798315274776629248
798226261843779584
798224848732520448
789533075533422592
786343735869120512
785593802257997824
785593272806891521
781931654969524224
781930486922969088
781579392451481601
781579032525672448
781532818140635137
780905477303590913
780905111145119744
780837122295074817
780449622745608192
779083172906688517
1197912936670466049
1197259409958883339
1200807127952035841
1146097779888070656
1145847506267508743
1145752725940051968
1144635155249848325
1144627716592939010
1144313326329049089
1144279863869759488
1143937632847761408
1252294311607140353
1120776179311628289
1120464471368060928
1120344244177256449
1119986909663637506
1118971471358042118
1253115215975198729
1253071379496415234
1253071375679586304
1252975821133840384
1252762515764850688
1252749975081099266
1252694199536881667
1252642621450850304
1252642619982823430
1252408429265563648
1252358083247869962
1252222624610103296
1251608689196269569
1251591487814590464
1251288855082303490
1251255056571207681
1251212710152462338
1199416991372730370
1199364159189721089
1199364157696552960
1201981911729610759
1201889462860623873
1204591988160520193
1204127106361372672
1204032375375761417
1202698815729545216
1128398353065238533
1126206692205715456
1253071376602279942
1252671608529072128
1252642623086571527
1252403000926068738
1252309556455256066
1251222026225934344
1251200441146388480
1250928438992650240
1250928437746860036
1199457241449013248
1199404100753993728
1197628454046441472
1204197129612337152
1202716640628088833
1202641747328851969
1202384853964070917
1202384852340875264
1088106985919270919
1087824932405477376
1087108164154208256
1082743849502547968
1082352083548995586
1079497690399076354
1078450380533571586
1075214149658046465
1072978496845172736
1071494721372151808
1070715620877053954
1070715619060932614
1070715617920147457
1070144271301398528
1069274926803226625
1068633405494124544
1068584477541175297
1068335833567162368
1068251924447850496
1068251819653107712
1068251425095000066
1068249681560518663
1068248660650135554
1068246169476890624
1068246005429223425
1068245089703604229
1068240813136723969
1067918492924592128
1067843251795836938
1067584480708386816
1067457706120884225
1067062917798002688
1066427055208837126
1065280029679079429
1064945750373793792
1138523183190073344
1138485887501836290
1138461541639086085
1137403019266613250
1137085142130970634
1136722521548644352
1136697212833017857
1136659089646374917
1136416928845762560
1136414459403091968
1136386132449681408
1136386126732828672
1136355576039006220
1063586319211921408
1063212671099699200
1062858949916061696
1062809770002956288
1062718264734703616
1062080486934306817
1062036085310664704
1061695266644987905
1060259893821759488
1059253755244408833
1057384216533569536
1057324376167800833
1056943139989139457
1055927637498097664
1055512344359514114
1055489492855996416
1054803060730535936
1054733178265628673
1054424946347249664
1053775292316180480
1053058295752208384
1052711814490927104
1052284713627541504
1052213103625162752
1051534048387104770
1050850153823920130
1050782223882960897
1050151883753566208
1050008143739129856
1049710080730562560
1049404029170802688
1049339993183989760
1047996083647987712
1047886897505325056
1047558413125935109
1047481531407712256
1047294980094676992
1047235096208723968
1047139203719598080
1045741782766628864
1045357573724151811
1045313707805413376
1044693361066745862
1044693063564750849
1044595060870991872
1043555117121916929
1042929651553775616
1042892363079843840
1042873642529562625
1042859231290908672
1042849244548358145
1042813852969324544
1042429628571414528
1042207913295667201
1041847120289062913
1041759741100404736
1041733816933597184
1041675920870989825
1041675918002069504
1041360397788504065
1040760487452000257
1040718554553827334
1040391101805420544
1040340459887972352
1040292458888929280
1040270508607119360
1040269909836681218
1040268945306071040
1040266652913463297
1040242315607064576
1039929244405649408
1039642389252636672
1039177977848848385
1038083510827933696
1038064529064816640
1036752230446182400
1036750910133858310
1034850769592373248
1034468213218783232
1034136519802531841
1033529679653810177
1032683496995733505
1032634669727207424
1032320866724528130
1032271364097486848
1031911556068589568
1031911183572459520
1031910971361701896
1031908485221502977
1031908215120973825
1031896702360453120
1031892849879592960
1031877723969515520
1031871482870345735
1031674391795560452
1031252818118811648
1030196400024444928
1030194469533102080
1030085398414979074
1029837896981917697
1029035109595447296
1028404218116366337
1025043810655633408
1024708382589177862
1023201731746975745
1022542608147599368
1022232147485229076
1021825878295306240
1020292296623915008
1020065758024556544
1020048886180777992
1019565354396340224
1018576076711309312
1017757482360459265
1017468841595686912
1017123021369364480
1016513478230728704
1016374862573719553
1014546720057954305
1013439744775196678
1012789860250411008
1011670705551953925
1011029573931339776
1009059864134541312
1008842689176104961
1007736802076254210
1007645015932325888
1006622981458718726
1006285767629590530
1006212525241794561
1005843978883870720
1005170623084195850
1004780425204699136
1004448385456361472
1004032085793955846
1001989509570023424
1001908959572365312
1001826227819302912
999332084379541511
999085770198614018
997516286157578241
997492582816141313
997492021161054213
996415290366922752
996158435606573056
994953239622758400
994685187891003392
994600823123529728
994339932100616194
993946489134239744
993924091295002624
991832671172091904
991783514109612032
991090917661650945
991045254877884416
989633872848617473
989591773965058048
989514314963963904
988806385256321025
988125678150307840
987116478871818240
986676796585402368
986675701490372610
986334392359555079
986278853793468416
985548144028119040
985546294373445632
984591058511294464
984456497622077445
984454319142563841
983410730673242113
982688572833705984
980803965439889410
980201299626156034
980200747013898240
979758507867148288
979432256279367680
979386920072564737
979385860348096512
979385104656150529
978362533814984707
977566951919771648
976515398727340033
976514278823026689
976248204407787520
975855551451205632
975768941875351552
974757109324746752
974727455490617344
974702550015512576
974701484104454144
974417916518191104
974310136272564230
974097264581857280
974080175896920064
974056814676463621
974055802767138818
973632341452185600
973573548584456192
973569614587355137
973308066048462848
972971202099793921
972510973633449985
971777921894572033
971776943111786496
971583139607756800
971531696440008704
971531412800262145
971530075765174274
971529787754844160
971528553694224385
971527416857415681
971209388739481600
970795329514819584
970712396829478919
970711789779542016
970711587349770240
969587128555491329
968926972679196672
967118286159785986
966810110906568704
966418744674156544
963922859260305408
963218398510485504
962371217113210880
962124500065312768
961398009459195904
961326295501205506
961326293055954945
961326290623221766
960649843986386945
960613811844780034
959590069567918081
959089289513590785
958069966254886912
958069563337379842
956676937962975232
956670208932016129
956230416440098818
956191024430419969
955184458528935936
954837177090887681
953697358692438017
952218378244157441
951822306795577344
951471772158844930
951206114246430720
951127441514356736
950434683573145600
948961507341152257
948629289502519296
947908538801819648
943933288007327744
943643877654790146
943357171487657986
943304427695427585
943293613412421632
942909912635473920
942855894177665024
942587126427697152
941330939560460288
1156998180329930754
1156670501365923842
1156670498991984640
1156636363812462593
1199785302577090560
1068249886221574150
1068246648567070720
1068160441384386564
1068135109897977861
1067594087744905216
1066427051505258497
1065021694685954048
892780208222330880
890788160988262401
890787531049934848
890787353513476096
890641332229644288
890602014895333376
890338636633444352
890272865894977538
890225265728774145
890020006511116289
890018602648207361
889981629476859904
889912457006895105
889904654888382465
889871860359364608
888416370706325506
888416228917882880
888073350739877890
887860177755656192
887823932086247424
887783971832123393
887746638705557507
887716797398618112
887716518338940928
887449244839415808
887434504033501185
887052075863093249
886580396087025665
886580331310088193
885932259420852224
885534534720212994
885216158139416576
885215847245074432
883443349700718592
883443162961805312
883112319609438208
882277369574289408
882274254431105024
879784516872790016
879783398977523714
879451902374752257
878291736950439940
877919924726804480
877661408984539138
877633233743204353
877616335215222784
877262769795600384
877261889725767682
877261681138814976
877206934386028545
875808277149372416
875702415504416769
875469746438799360
874755984044027904
874755547911909376
874755252016295937
874754500791238656
874743233141714944
874695677338693632
873893360162951170
873319293777317888
873197137626091520
872955642855792640
872947423768915971
872947114271272960
872946514980720640
872521997032534016
1041824077604966400
1041759224559280128
1041758630905831424
1041756395140464641
1040607665087565825
1040268624542543873
1039963356520697858
1038918825746554881
1037812827287965702
1037743650355257344
1037460810640121856
1037091211369168896
1035869154279141379
1035649036966080513
1035189843620503552
1034592733913116679
1032068145337577473
1032009461509054465
1031910053215956996
1031908859840004096
1031583545825865728
1030920922381856768
1029438450393657346
1021424448132583425
1019335623755194373
1017887787822080000
1011670711105196032
1009437239867269121
1007310764418437121
1007004475951808512
994221709006983169
992846109176401920
992190090213511168
991435016386293760
989211599876575232
989188408512843776
988872491283177473
988439690985558016
987029186974973952
986674947199262720
986387088055717890
985546815734013954
984933381690609664
984519220812746752
983741757979549696
982409099353755648
982359861131431936
980199973781491712
979386158537957376
979116251451744256
978655121725968389
978652388524511232
978266602134278144
977307232701435904
977019625543290880
976187740504186880
976132962533216258
975869614323322880
975825663600062465
975768089785765889
975521983021510656
975465125082738688
974688856447639553
974056265667268608
973970602083147777
973572319389069312
973571887803584514
973571511981346816
973571026880786432
973222654600761344
972887798339469312
972235448335634432
972164566393044992
971816373352583171
869970471000920069
869970260832776192
869970153483718661
867899489071267840
867815324657254400
865646257867431938
865344798764544000
864952400427266049
864932929075634181
864914637204148228
864599893284978688
864584975936606208
864525561611395075
864525057367867393
864523203473014785
864522525971173377
864518540854001666
862779524890677249
862778693940281344
862778385059262464
861974842320584705
860194525070995458
860193710264504320
859859038019911681
859846410849669121
859812364560068612
859812050276667392
859502450025345026
858351099857838080
858007423147274240
858005276993232897
857649836082040832
857366604786618368
856911283018493953
856909616374009857
856683661848190977
855822948694990848
855822184962502656
852926291204558850
852705467818233856
852204955264045056
852203919778480129
851531935407099906
850802259193737217
850095681926832128
850094867124555777
850094544381243392
850094075319595008
850082557567827968
850081663572987909
850081106284212229
849652329875943424
849652153048281088
849425934218387456
849352030640640007
847494092611215360
847469117485465600
847195032176222208
844712604912234496
844603879182471168
844582605580390400
913911588893097984
913153091662381056
913152203543777280
912786093468262401
912447857394896896
910617423665131521
910601221223874560
910576982987018240
910576318412132352
910266818434134018
910212844368605184
909425487688212485
909425126864715777
909424822073118721
908826466258911232
908826100192677888
908795768923934720
908726631828738048
908725152111890433
908421094947860485
908420643808571393
908368228828753920
907787183435722752
907730990205947904
906922153404256256
906286819632918529
906198646659715072
906198352664125440
905920521241591808
904856451847467013
904724740031614977
903767048102313985
903645912186187779
903403521357344769
903353882906161152
902936497636204544
902251717965774849
902251108583837696
901907777836240898
900887735732506630
900518910444875776
900469578823847936
843991712326467584
900469137939587073
843910817888243712
896130114970279937
842171012879941633
895772138510200836
842170731513450496
895770528878874624
842152072174817280
893515714673377281
842151531097006080
893205047319941120
842151253048217601
893204960996974592
842112688713015296
892923889898201088
841715232791752704
892870662741794816
841398976972767232
841398341015605248
841397967366062080
841397680500822016
841353133313921025
841351449854541825
839662091829186562
838845443505336321
837789850522775554
837691556291309568
837691031558701056
837158464313049088
837158103477071873
837157448666447874
837157127311482884
836740257672482817
836606791689580544
836305865137393664
832619850551816197
832378200151977985
832025348502065153
831950662103662594
831216385485373440
831179584464883715
831179204045787136
829501477257371653
829364004954968064
829140005432000512
829100351999586306
827924256445067264
827576610157113344
827334889003479041
826910537653051399
826804955445071872
826489438746374146
826488533900783616
826134636531183616
826094360697700354
825131733465124864
825131485078417410
825129871550664705
825056131735248896
825055286327181312
824422695400067072
824422447948632064
1157040832651890688
824385852365225984
823640115436195841
823639925849366528
822586351744847873
822586064246370308
822142377590661122
822123934703349760
821886480331210752
892849706178498560
892564965810462720
892032645009485827
892032503523016704
890786316689915904
890680232654622722
890271955554795520
890231301466464256
890224764463321089
889941826089750531
889912298910998529
889912169546092544
889911980877893633
888416152908701696
888094512945541122
887863003470856193
887824196813955077
887435431033352193
887434788012994560
886725188288729088
886395836296556545
885617340007710722
885245935978205184
884536211469160449
884513377975980032
884508442471354369
884507840676868096
884230982924210176
884057962444197888
883735764793573376
883143342460207105
882993377230430209
882278045742247936
882276460299517953
882274818305003521
879784859841032193
879784079901818881
879502846944825345
879451272373559296
879373354238607361
878356178174169088
877939823905972225
877263040009392129
877262449103310848
876959662645620737
876842432817762304
875470419456921605
874970860326703104
874754785194455040
874695472635666433
874675368996810752
873231011919822848
872967078952783872
872957634575577089
872946807256621057
872552814429560833
870341291787395073
869953164367343616
869952792110276608
869219496581414915
869219176115609601
868151580360626177
1234575437084418056
1234575431761829890
1138098861111742465
1137020473940881408
1136619045833363456
1136386128393777154
1064688925824954368
1063190361848324096
1060979023352864768
1060920791267721216
1060524339001548802
1233109828421201925
1060283871802130456
1058448710500339712
1058412237973581825
1058036260516835329
1057641290140135424
1057641288772845569
1056913442265858049
1056184586001104896
1055512126989746176
1054821561239252992
1054508178975719425
1053300145524301824
1052262299870859264
1052197516161224704
1051174731016228865
1050449825802702850
1050083705405009921
1050008139184128000
1048339856802414592
1047294988177068032
1047294982946807808
1047294970376466432
1046890838679326727
1046773195687305218
1044693168413921280
1043492765085130759
1042930155340144641
1042147047552548864
1035509497006047232
1033078299545792512
1033032394973044736
1031904370764406784
1031867689453727745
1031674390721847296
1031598196403908608
1029726225873477632
1027977153651122182
1027673981585903617
1026868982299729920
1026455130445697025
1025407020755771395
1025126440843526144
1024761537435721734
1024708687674388480
1024708685656932354
1024708683736010752
1024344883706953728
1024013788608118784
1023632138237878273
1022910711171825670
1022882011671932934
1022554742176849921
1022160230224936960
1021784283181207552
1019735565414141952
1019704346035056646
1017522224318898177
1017145029389930498
1017072382215950336
1016730494506012673
1016501027955240965
1016453602376929280
1015257143568683008
1014972860232855554
1009550796890034176
1009196036882157579
1007761763109097472
1007645945297850368
1007645356794970112
1007274211281424384
1007254172314595329
1006690394862694401
1006577663815843840
1006242957694001153
1004781969316642816
1004781721357864960
1004780923756441602
1003394578022424576
1002208002152321026
1001565869842026496
1001073184454701056
1000381667935043584
1000087295825989632
999769449292009473
999315790653476864
999059864230998017
999031703636234247
996882280558809095
996451306498818048
995467433505943553
971530343068176385
971529525145296896
971527973890379776
971527675612459009
971029909945532416
970713270133903360
970712663545253889
970712087596027908
969666764412895232
969589098552987650
969587782510358528
969586629261213696
969233784641073153
968617458759282690
968549435650265089
968269015599763461
967451990312869890
967118816017776641
967117974825066496
963536690282467329
963445716810072070
962124740323414016
962024851446710273
961987127880880128
961326288731627521
961287259197726726
960929071034232833
960613338131714048
959589126512238592
958823975982944256
958069300350390273
957766088254730240
957279485086363649
956270967780765697
955611330953842688
953639925844496390
953460361075871744
951949729386106882
951585013300113408
951471967705731073
951471188982882305
951127929437777920
950435194028339201
949467551138045952
949003065323081733
948949233482260480
948373553774243845
943913052973486080
943667299826982912
943649037915389952
943357447854542848
943164594868060160
942863945274155010
942863459691134977
942856062209789952
941116571711430656
941031917578801152
1202055106197360640
940671186639433730
940670567358910467
940359432722141185
940358180302999552
940356846149341184
940356607095042048
940259422911201285
939516236555345920
938445262707744768
938168365859966976
938167378910810112
938164935217106946
938163060606488579
938159044598124544
938139658072068096
936756302000414720
936693377294364672
936379867070902273
936307820559044609
936304354335879168
934566218744377344
934565823892676609
934254476394926081
933164786354880513
933043426530033670
930986969139679237
930845858626752523
930460633644052480
929534088544792576
928680797518946305
927315382255448065
925812108536709121
925157460532432901
924052651582672898
924052212699058177
923631802719272960
923332229782220801
923288760736985088
922994803868098560
921078493034827776
920835399605420033
920763471700156417
920763141755146242
920762797969018883
920762579848519680
920426590261207041
920330088733970433
918896799167012864
918563888542703621
918482968930287618
918162418760605696
916670904989499397
915985254829248517
915662499948761088
915577842406187009
914847687727607808
914211602798448640
913912855384248321
913912533622411264
913533092668768261
912716996474793985
912447393148424194
910605979997409280
910605566132805633
910605336138190849
1158829917641084930
1157788922094772224
1156938523666190336
1214356576158539777
1214353904743407616
1214310004804792320
1214310003378720768
1214258572546191360
872229102668963840
872096858977468416
870474559958286336
869970369792364550
867899204705931264
867822927084900353
867793847706832896
867793330054279168
867787323240570880
867787242932195328
867523332639522816
867512210054156288
867149431141007360
867144715497549824
866794471517806594
865646805479956481
865646642354995202
865345413397741570
864932603484409863
864600704492736512
864525415334936576
864525168449925120
864525020655235072
864524976069771265
864524246004977664
864523609993338885
864208345120612352
864207933860704256
862779858455322626
862404920439341060
862404659356499968
862404087064788992
862116851790118912
862097759394041856
859854593580294146
859847311303872512
1199477878825635841
859846705478610947
1199364160632578050
859502108172791808
1199054012655554561
858806113017483265
858805871308140544
858075995886280704
858007855705796609
858005891861315584
858004579220418560
857367045511544832
857366228498866177
856910996002222080
856909930707767296
852204323991937024
851532420792844288
850802589172158466
850094252537335808
850081351952990208
849351408809906178
847494369288441856
847113564959649792
846463213613002752
845394106318774273
845393852219478022
845393593254789121
844713385849753601
844594276227059712
844300763774029829
844188293591982080
843992516542251008
843992032150458369
843943038552592384
842502292356128769
842151812358627330
842150918510530561
841399429777244162
841354192417632256
841353521911992320
840938874159411200
840937548969103360
840937125336010752
838869033436991492
838845110733373444
838813447831883780
838813133401702402
837695710703267840
837691298282897408
837690722820231168
837157714195333120
836346012256059394
836345369030193153
832381110839603200
831951010339946507
831950898314215426
831950515294580737
831950307563282433
831664812543311873
831664061490294784
831527576820649986
831527082329006080
831292356733366281
831292071109603329
831291469331836929
831180022828433408
830086112303599616
829503348067926016
829501944557424641
829501684611162112
829436925362700290
829389704156037120
829140370059567104
829140184692305923
828979970424832000
827576377775894529
827334614414934016
827334266447130624
826917396036337668
826837566460661760
826489961528561666
826233150015684608
826226343264264193
826134395325136896
826134072934199296
825517134277177344
825133629357584388
825133360242647045
825132651094892544
825130992688037888
823998731322322944
823998151627599872
823666801288560641
823666567825260544
823666214358630402
823665522906636289
823639655241420805
823639306543710209
822110134956621825
822102957797867521
822102669703647232
821885698663993350
821885493608583170
766021453225623552
763816549115387904
755791623754133506
754775319429652480
751482862302531585
747877537200627712
747877198787395584
745794967658979328
745714414989508608
745698622411513856
745677376214999041
1253071381144764416
1253071380381384706
1253071377524981768
1253071374945529856
1252683155359891464
1252656460586274820
1251305739509006336
1251177913417859072
1250928436035702784
1250883891432488962
1227324488708050944
1227324468621643777
1227324460157603840
1227324451919974400
1227324414213185536
1226984634346549250
1225513848259719170
1225495290561605637
1088903798880387076
1086741370352615424
1082815927509532672
1076223339411197953
1075843864043364354
1075544519117033472
1074745066252578817
1074010162153840640
1073592310850600961
1027673980717674496
940671442764615681
940670847899103232
940361300877733894
938920853198295040
938182656424017920
938169319393038340
938136945913450498
938105024424697856
938098652731596800
936723692469530624
936380251885768704
936057337118380033
935646932348866560
934516570864439296
934515834646654978
933072799681404928
930593018217934848
930516286236450817
930125765642989568
929534496776400899
928681460135014401
928681095582945280
928035035869011968
928034774744264705
926219571035623425
926110498076192768
925812509814247426
925382851629068288
925160848817115136
925157753341005824
924051479979352064
923611079984451585
923332633089789952
923022140529659904
922979848989093888
922979011810209792
922487662577152003
920416991101497346
918564153073328128
917852773944840194
916374111215112193
915693080082345985
915226137881645056
915201632404692992
914848392018321408
914847526632779776
913912260439023616
913912036152750080
913911831332315136
913533458357551104
913532800720146432
913152774120120322
912824406447214594
912785984244322304
911992596330946562
910617662652387328
910605158207410181
910601043158937600
910600843283582977
910576672566599680
910266881461882880
909944340302237696
909923279229636609
909871377070600192
909548854399336448
908795298574684160
908738580641705985
908726221596495872
908725758490812417
908725540663816192
908724813518303234
908421357230321665
908420854740144128
908007946780659712
907787602778050561
907786919026753537
907786643876335617
906921881344860161
906302915710775296
906198111873372160
906198050661699586
905859062100893697
905485897474375680
905091279817728000
904773728076259329
904773461473718273
904772651691986944
903402950890070016
903353560947204096
903268838489419776
902996604277456896
902937551299899394
902225521341235200
902177855265808385
901908817851674627
901877148608331780
901238342435696640
901110345514852356
896568264498839553
896130551916003328
896129809130049536
896129469273915393
895770834278780928
895372143164366849
895326877228736513
893516369236557824
893154998460219394
1158373213283540992
872228815933771780
872228103770320896
1255904301341442050
1255651011231911936
1255594772997308425
1255562838019649537
1255548693266268160
1255235619154014211
1255163163278028802
1254928701202055170
1254912610056757250
1254837492617969664
1254824718575730688
1254133455581044736
1253740695875203078
1068585326673870849
1068584870950125568
1068298472225419270
1068249089886822401
1068248794259701760
1068248357573939200
1068246488243978242
1068245828580622336
1068245450933833729
1068243636171739136
1067918112174104576
1067185089040318464
667034633020772352
664906994852233216
663858656765739012
663851807538565120
662373720770666496
659079654440083456
659079577772412929
658728253549649920
657297566154010624
656610117077618688
650023230678372353
646082711774470144
646082399953141764
644207516214235136
641650982183694336
821868590655741953
821867842303905792
821794260043366400
821735182034157568
820807797554212864
820807383479881728
819951492966862848
819951109385162752
819637630333845505
819623536574791683
819341496038133760
819340053851885568
818847446713401345
818652511695466528
818551835166384132
816011377169100801
812341017126936580
812340285594214400
812340006211592192
809825890884579328
809823413686730752
809449758389637120
809168017921810432
809167720780546048
809167138523148289
808465825434836992
808461911226535936
807014402713128960
806884277749239811
806690383791030272
806689658423902212
806689066725076992
806642548332695552
806587121469427713
806586796406665216
806550442083811330
804058707101356032
804058387004715010
804057502367289344
803402971488940036
803402650142277634
801483086311604224
801189353108205569
800727903239606272
799702778344079361
799702070282612738
799701762206679040
798642947168358400
789533289652621312
789171076752211969
789117323038879749
786344019567648768
786343438216069120
786342912036450304
783800116859789312
781931004726501376
781578531407011840
781578288225452032
781222599112163329
781213868815183872
781134339400609792
781133999993262081
781133102466764800
780836823832653824
780449883706753026
779082883692654593
778621690033086470
778621499129364480
778390115122974720
778308655745826816
778308377210458113
776528520315101185
776429621902512128
776077468738420736
775780103318044672
775387590946066432
773988352643170305
773884090244300800
773883498746744832
773597157056184321
773527143108210689
773303586201763840
770672518424367104
768929495822823424
764115107483938816
764106449672953857
763816938028011520
762331368072290304
762331102853918720
761322269763305473
753711111514587136
753671775754579968
753671297641680896
751482681062486016
745775428732882944
745712333238996992
745711699727106049
745377462293569536
740663041084248064
740662381555122177
740247922223239168
739878481115353088
738378822584786944
735601219180331008
735576900085678080
734823846839255041
733387362827415552
733381359310393344
733344629500829696
732637386274963456
730815770045915136
727224618608693248
727206424032468994
727201126873968640
727199823301083136
727198902982692864
727175291756511232
725799993530028032
724387579001450496
722108480925134848
720737704535830529
720656868402716672
720355914264367106
720355600866025472
720355066331340801
720354926568677377
720354768409927685
720320729753866240
720320615199023104
720320427650723840
720273352749756416
719991169221070850
719634979517571072
719612381391884288
718479871995998208
718469636174561280
718212512131493889
717767049666236417
717766915977060352
717765987500695552
717737184913174528
717504818294702082
715205681629028352
715205320319049728
714540936055889921
713398846114701312
713082179941695489
712372574886490112
709808858957537280
709808550046994432
709807753573826560
709807339839348736
709516514119032834
709516041416736769
708427060860080128
707719868347523072
707679190896742400
705846314307874816
705846200201777152
702967221199446018
702966841631744004
702897334561206276
698880525377753089
698880441638518785
695326631100080128
695275206055690240
694677825727520769
694292056081039361
687364729287884800
687043313845796865
687043221407576064
685235624325066752
684193962647773186
677523583338422272
672849792352034818
672478174182248448
672444543510384641
671812516251631617
821868255308562433
821795556871860224
821794578835668992
821537815360049153
821537474610688000
821477454674071555
820807069880172544
819952210419322880
819637943224692736
819622896872067074
819340570221023233
818848235347410944
818847690406690819
818846889722445825
818651904079265792
818651607244148736
818529289599651840
818528834819657728
818527753637076992
817844779568562176
817844328513044481
817139362366373891
817139060942708737
816118394680393728
812339469034471424
812128952927948801
809824918552641536
809450177748729856
809168369907798016
808461659710832646
807359440131420161
807343429298638848
806690852076666880
806688674104668160
806586309104062470
804057773227077632
803716917009797120
803318764834013186
799757625944576000
799701540546236416
799314825453015040
799032206429736976
798916285014933505
798643894741336064
798642279770529793
798226627826249728
798225603929378816
798225299129307136
786978936181944320
786978551136456704
786977891242348544
786609896758185985
781931342678417408
781594685982801920
781578792343105536
781533326339432448
781533081207447552
781133686053871620
781133401663221761
780904722945417216
780837409672003584
780809366396174336
780808626587992064
780807621880213504
779337208285237248
779336732349231104
779083564944125954
667035187470082048
667034958649798656
664454545670594560
664189344937324544
663858668916621312
662682273217708032
662374653365788673
662328393699078145
659811389343719428
659458838458945536
659339521700556800
658717626160566272
656955241703845888
656955020680761345
656954929555382272
648978237050212352
646081002167738369
641347611362914304
778622241881874432
778307362914533376
778306778626949121
778232306922381312
776541326301167620
776428106420715520
776160548337623040
776160244674260992
776159990818213888
773894742354567168
773893793175207936
773624962552885249
773624032319209473
770672022808621056
768930236499197953
768929823183900673
766020712985399296
764106468639539200
764106436813160448
763408389103820800
761599505498341376
761324548461584384
755794035248275456
755793718427328513
755792952891277315
755792056799277060
752910785232375808
752910511436656640
751483277320544256
751134411605835776
751134269657972736
748183934182260736
748183444845387776
747878895228157952
747877346217164800
747877010333118464
745794233286660096
745793580866875397
745689267943444480
745030142012030976
743523362526400512
743243689250652161
743231165654511616
743230809939795969
743230658114379777
743230545845432320
743230439440121861
743131763183091712
740963269192650752
740949853929345024
740248068331823104
740220477176696832
740219965958193157
738379451625529345
738379114265116672
735601586991423488
733386684394508289
733385260524797952
732993781063094272
732993612879925248
732638021699391488
730815934835871744
730512614615322624
727592313644568577
727239465157140481
727220052123111424
727200800087412736
725799776286040070
723167283615391744
723167178980093953
722854921775632384
722179424829968385
722044339237486592
721050570572886016
720737533072646144
720722351722205184
720722230070616064
720355782038978560
720355409978994688
720355246979952642
720320514514792448
720320172116934656
720320093637337092
720273512212992001
719991365174734853
719991259725697024
717766223635877889
717765199500087296
717763251736604672
717761827854229505
717761570244263937
717736617562255360
715205230921654272
715205122029174785
710923599981506564
710160879556411393
710160720395161600
710160301640048641
709808423085477888
707679034474422272
707678895114489856
705846103061700608
702897277116010500
698880374332469248
697146285539921920
695275461560115201
694949760541835264
694949659001888769
694899743525376001
694677599881031680
693096940964286468
693096865856933888
693096807602229248
692524036908269569
690271882252279809
690271729478950912
690195174518059009
687043461808283648
685159594239373312
684193879407628288
674712974108581888
674696823555162117
672536768986685440
672506960886030336
672468218867527680
671882653579235328
1208779172006498304
1201911661730381825
1201911660216246272
1227324485684072455
1227324429337792514
1226162827209191424
1199795714861281282
1199762089197363200
1253105619298668550
1253071378577842182
1252617525512359936
1252240207707070465
1251608690655977472
1251264325991481345
1251255055552053254
1250941590094385153
1250851305091989507
1250851302139199493
1227324478075678720
1227324436858228737
1227324421913894914
1226984633075666951
1226938932794974208
1226614814182694913
1226543474054443009
1226299985555226625
1146097769549127681
1146091927739293697
1145847507282485249
1145835261441564673
1144634876576116736
1144627718979555328
1144313328250044416
1143999798674108416
1143961594738761728
1143961262256246785
1143937638883311616
1146051682561904641
1145832053054857216
1144313324399730688
1144003647778545664
1143937637234958342
1214636790482657280
1214310001747075072
1212824993765232641
1146090161970790400
1146051611648765957
1145847508867919872
1145832512909926406
1145752727512866817
1144297386484936705
1144003465129136128
1143937635494367233
1255904302377336832
1255889537290719233
1255641046861729794
1255527009725358081
1255313086996676610
1255282269603987457
1255267675833581568
1255163164746043394
1255163161340239872
1254923070998970369
1254918168960786433
1254907790365274112
1254203871976620033
1253735521148436482
1234910404670902277
1234575443413684230
1234575424010805248
1233844568757501952
1233510001840394240
1233410781229830144
1233190001950822400
1233158947739242496
1233109837694763009
1233109830442868738
1255630817386250241
1255548695027859464
1255548694151249920
1255535120171372544
1255253751415410689
1255184856788721664
1254890341293047810
1254863611488382976
1254493693161148416
1253735519458074629
1227704487822884864
1227346090342699009
1227324443678081026
1227295534911819778
1226206819162492929
1225801550301409280
1182741572770816002
1182741567313977352
1183883521095585793
1182741571298648065
1182715247574077440
1182370212710174721
1182359630015582209
1182310203183767552
1182310175002300421
1182121590278033408
1212162814724464641
1211459907481825280
1156300113423343616
1156248211608223749
1156248210064773126
1155881551474937856
1155105142913585153
1154538520913965056
1154495636726800384
1154495634541555718
1154412307381964800
1154396877456117760
1154396873932849154
799383282697834496
799032530309677056
798643271387877376
798315544348860417
798225052906889217
788491862466322433
788491602218086400
786978228976099328
781930734185480192
780808988946472960
779336957713342465
1230213351285936130
1230212905515339776
1230155430606901248
1230149010629021698
1229830224482885635
1229830222498934784
1229436161342496769
1229436160579194882
1229436159677341696
1229218156650074114
1228381308587577345
1228381307119570944
1228340397845438465
1228335508566237189
1228099336099237890
1228062787286556673
1155893535046012929
1154826461922111489
1154538523653017601
1154396876004896768
1154905514658209794
1154829804950228992
1154452159477538816
1154132758534524929
1154115669887258624
1230196814240010241
1230155426227986433
1229436158893010944
1229436157085278209
1229095118323560450
1229063978573320201
1228726731906977792
1228395630013374464
1228381310042935296
1228331608895315969
1230282179986497538
1230155429126250496
1229436162160386048
1229436157970321409
1227964090628366337
1182741569373462533
1182310245806301184
1182021679347838976
1181930978635321344
1128674612395507712
1128443654723592192
1128398355216859136
1126911106008649728
1126605453708988416
1126578718997192707
1126262693147619328
1126233933421666304
1126219762302898177
1126202618655780864
1126200799535730689
1126198884089384966
1126184849210056710
1232808216414900230
1232758697836908545
1203085607251124224
1203079423311982592
1203065756130385921
1202725842448719872
1202641745315536901
1202641410228457475
1232745435166584837
1232425414632640516
1232380483889238019
1232336683141652481
1232097506290524161
1231016638461415425
1231016632757182465
1231016631482159105
1230978907719053312
1230873281227567114
1156248208185745410
1154545423941455872
1154478457671311361
1154441560236470274
1182741574712745984
1182681167507709952
1182021684884381697
1182021682522918915
1230213354117042178
1230155433526091777
1230155432049680386
1230155427683471361
1230154522175197189
1229918295379316737
1229829836304257025
1229152343255584769
1228767205740945409
1228395628083994630
1228395602104455169
1228075363407888388
1228034303851888640
1186791826956718080
1186768028161183749
1186334215501168641
1185924989444411392
1185924981194153984
1185303544368381952
1185292477009403905
1126119749149253633
1126117759602110464
1125786337003692032
1125433900728242176
1113449052857884673
1113102476708909057
1250837294334070790
1250837292866043904
1250503034951610369
1250452018138959874
1250443927120986114
1250156966682509313
1250156964073570305
1249794748824653825
1249690018777612290
1249080187314151426
1248725393470873601
1248708970606473224
1248701942785851395
1248620010622214147
1248307347073761280
1125860581540532225
1125080316006285312
1123996539695845376
1123942370834305026
1222901261583831043
1222884148223848449
1222668296031477761
1222239278304059405
1221981955211874304
1221840471510614017
1220892522270117888
1220811075370786817
1220811072380317696
1220811070945792002
1220525375387832321
1220428151303680002
1143585541570609153
1141412889997250561
1105996335646498817
1105288251445821441
1105285988761432065
1104749226024677381
1175189682969370625
1175189678607220736
1175189677122498560
1175152541870505985
1175152525760225281
1175114889502871553
1175075686236733441
1248317751598481408
1224382936692162560
1224078977398165504
1223717910193025025
1223403940764692480
1223021038788849670
1222984615511625730
1222940766164672518
1167538121342410755
1166781231205376001
1161358392335749122
1159605586297839617
1159557278716092416
1159168297365118977
1159168296018698241
1168557195409199104
1168304700531367937
1167860456330952704
1167860453491429376
1167219567854325762
1161308708648996865
1159925873925087232
1159631389735751682
1169062868299501573
1168537566225862656
1167957437405630464
1161057324972355588
1160557330628534272
1159557280158900226
1158840457511735298
1206672301971968001
1205931782018863104
1205203870034604033
1205121210889191429
1205121209408610304
1204869965708439552
1204815448841359361
1167219566243733504
1166798046455377921
1166776307440640000
1166737219211726854
1161308706790883328
1161308704194596864
1161057326692020224
1159840053603864576
1159557282113445889
1159528027803594757
1206730482186096641
1206706977079996419
1206730478318952448
1206706974697689089
1206706966179057664
1206704158855909376
1205663313713082373
1205208908807254026
1205121206883618816
1204815450284146690
1204815447352369152
1141363208986537985
1106944458552209408
1106927830506573824
1106678440235806720
1176238219647737856
1176238218053914624
1148957606314201089
1148957604774928386
1148713414283485189
1148669914187796487
1146456483485421568
1148621994738536453
1148621993262141440
1148621991794135042
1148281786453123072
1154071650549321729
1153088414897594368
1153088411496079360
1153088409482780674
1153088404650954758
1153088400246878208
1152305336923107328
1152304743152308225
1152281380283248642
1152259976582311936
1151906087546818561
1151866795889967104
1151604544733896704
1151604541705674752
1091799972801073157
1091451282479558658
1090720485879492608
1089886156647530503
1148957603327827968
1148689573247164416
1148649025584939008
1148318478933344258
1207068610100940800
1206730480277737477
1206669767567925249
1206635857014394882
1205955872591142913
1205618874609283073
1204597839327830017
1148689572290846722
1148668778391248901
1125860783076839427
1125860171140481024
1124444930393419776
1124386076066484225
1124050921183490050
1123725143703007233
1123655204233252867
1222933828815204357
1222933049979101184
1222932037713133568
1222884145191407616
1222676526971400194
1222668297792970753
1222579249149808645
1222317056328183809
1221938593729519616
1221102332605321216
1220811078382301185
1220811076675231745
1220811069314273281
1220470570741092352
1220428152830353408
1126119149984452613
1125859951145050113
1124400245448814592
1124359200329666560
1123996682755149826
1222884142762819584
1221934610013138944
1126118700510339075
1126118134702903296
1125900556172779520
1125461519641268229
1124444939197263872
1124359439249756160
1124359336611000321
1124315085210517504
1124051070773342208
1123996391288786949
1123725347697172480
1220811073831477249
1123715350078676993
1220811064281116672
1123586383178883072
1220552996267941893
1220550564309807110
1220438335757352970
1220419749731098626
1222936474213068801
1222935422562635776
1222934484640727040
1222884146646786048
1222734614579597312
1222203036396916737
1221913928629997568
1221835599142846464
1221824690664198144
1220868345823735808
1220827850984521735
1220811067401568258
1220811065912713219
1220383282262609920
1113448583771185153
1113179147445112832
1113448794912382977
1113185086902538248
1112881280654479365
1112881025246531584
1112393026347909121
1142426957642162177
1141843755743567872
1141808332640067584
1141772112941735937
1141413019819360261
1107028388315832320
1106922275838877696
1106268168358686722
1105991414884769792
1105947637742780422
1105881053405814785
1105514898749120512
1105286643282518016
1105286290449354752
1176899007920128001
1175189684441538562
1175152550926069761
1175152521427456000
1175150742275067908
1174766222241648641
1174419431029649409
1142168191877169153
1142075178643537922
1142075176705843201
1141705068753932289
1141705066656751616
1141453618052313089
1106933850918322182
1105995020589559808
1105933130261807110
1105860636406362113
1105834096373190657
1105622026658697216
1105287015912886274
1176637183274475520
1176549920989437954
1176245198621487111
1175189685922160640
1175189681513869314
1175189675667075073
1175159499176460288
1175152554260516864
1175152532710187009
1175152530801778688
1175152529384071168
1175152524300566530
1174800035680329728
1174423954263592960
1143564909621497857
1143315252337152000
1142159815470452738
1141871380004294656
1141765333562384384
1141401786076598274
1106993032061165569
1106741004588199936
1106632619268235266
1106569981465120768
1106342072250974214
1105969982607892480
1105615472576352256
1105288616203485185
1105287755817472001
1105287471154298880
1176524722621833217
1175189680045875200
1175188359683219456
1175152527723175937
1175114888034865152
1174105924128182273
1250837295936094208
1250582022508216321
1250567629082955780
1250443925300449282
1250217119515652098
1250156965231235080
1249835771189698567
1249829883733331969
1249790245559812101
1249690017292836864
1249690009529131010
1249690006781919232
1249690001618669569
1248661114205933568
1225441839240622082
1225174973364473859
1225137120588812288
1225079520983691265
1224423565673619460
1224358030801764352
1223990365927231489
1223759840624902149
1223404250602123270
1223400657778024450
1223039838888374278
1223034629285928965
1222983360810770432
1250234955537567745
1250156962886627332
1250135766862376960
1249813707556880386
1249732719136911363
1249690015829037059
1249690014382018560
1249690012926566400
1249690011009679360
1249690007968899072
1249342117173960704
1248670118193831936
1248399474545713152
1248290583891894275
1224801420513333248
1224423569112936449
1224037583925252096
1223710100549967872
1223410507639676928
1223268766303297537
1223268764701032449
1223034630854660098
1222985401545240590
1222938688046366723
1222937653231923205
1250575886379888641
1250560195497021447
1250533705824731136
1250527479103619073
1250517597348663309
1250452017161568259
1250443928668524544
1250203250609045507
1250126542790934528
1249782391952027648
1249759404641136640
1249748515187761155
1249740401336082433
1249690005213270019
1249690004030402561
1248713721863700482
1248661112767361024
1248661111290900480
1225217745513570304
1224846774969556992
1224461563895123968
1224362626215530496
1223376615264149504
1223306591652515840
1223293932643274756
1222986009262141456
1222983987850883081
1222982617643069442
1222942363087179776
1222939686362066945
1153833805985341440
1153788234406612994
1153787551523598337
1153710361729806336
1153430530706333698
1153335395184271360
1153088408497139712
1153088403187142656
1153088398401441792
1152305856484126722
1152303818115362825
1151912391711633408
1151903618964107269
1151575746420400144
1091799970812956672
1091451281430990848
1091384982000541701
1091384981149110274
1090720489264332806
1090720487792132122
1090720484763856897
1090407130404999168
1089970324370788353
1089888497396264960
1089887238656327681
1089886612320862208
1154006629421080576
1153745188218687488
1153745121428611072
1153088415891677184
1153088410506137600
1153088406567706624
1152637778653581314
1152327197899841536
1152307538479722497
1151866791926358016
1151866789783097345
1151567653070364678
1091025986253148161
1090354197273427969
1089889021910761472
1153744769429979136
1153088412972453888
1153088401714950146
1152307088107945986
1152306410606276608
1151989683225649152
1151939810170421249
1151866797831966720
1151866793956392963
1151865853341773826
1151604543232327680
1151240819745198081
1091066291274858497
1089890010193629184
1089889574757769216
1089887879038418944
1089199097091887105
1185924985518514177
1185924984054661120
1185571974904516608
1185556219488063489
1184986396597129216
1184986051405848576
1184850909186187265
1186334213538222081
1185924987506642945
1185571977030963207
1185571299764121600
1184850972281057284
1184246932379766784
1186742140652703745
1186721977647677440
1186334217585778688
1185924986520981504
1184986397586984961
1184960908067561472
1184893129150910468
1240623054578991104
1240030855034286089
1240030853574647811
1240030852182130695
1239948437933654016
1239948436906168323
1239657849518768128
1239657848080138244
1239657846645587971
1239599342744408065
1239599341947498499
1238842886164221952
1238515905744830464
1238187865097601028
1240654719510614017
1240338223748075520
1240030866216189952
1240030864286892032
1240030860889505792
1240030859421528065
1240030857966030850
1240030856502181890
1240012552161107971
1239990174341386240
1239981062148759553
1239738089653907456
1239599341196673025
1239599339078647810
1238593325239799808
1238212416695140354
1238121137554497537
1240684282256838657
1240420020901068801
1240353263653978112
1240316956969967616
1240057458283995136
1240030862344892416
1239977000745353216
1239954823178567680
1239690357736189952
1239624299163639808
1239324327935389696
1238616228496900096
1238609148021026818
1238609147110854656
1238494351665356801
1238494350671306752
1111707238622744576
1111399762584981505
1111399344962301958
1111398730408681473
1111398102957621257
1111288564250304514
1111288558936043520
1111015680990765057
1110271190290124801
1110197373261754371
1111399185201324036
1111398479861956608
1111288557677805568
1110957726035791874
1111398942174961665
1111288565688872963
1111288562790612992
1110984915192086531
1110958336223121408
1110686482715553793
1110686206864564224
1110624268713377795
1110222516394606593
1109454810028363777
1220035472216510475
1220150209130508288
1220092274081746950
1220035473680277506
1220092272622166017
